Duration , Closest , Median
0.31974267959594727 , 0.0 , 2.0 , 0.0 , 0.2
0.2872614860534668 , 1.0 , 4.333333333333333 , 0.3333333333333333 , 0.2653061224489796
0.38953137397766113 , 0.5 , 0.3333333333333335 , 0.2 , 0.05263157894736844
0.3330554962158203 , 2.5 , 15.0 , 1.0 , 0.8823529411764706
0.3465554714202881 , 1.0 , 3.666666666666667 , 0.3333333333333333 , 0.4782608695652174
0.3205835819244385 , 2.5 , 1.333333333333333 , 1.0 , 0.15999999999999998
0.24038386344909668 , 0.5 , 0.0 , 0.2 , 0.0
0.1960463523864746 , 1.0 , 0.666666666666667 , 0.5 , 0.18181818181818188
0.3568115234375 , 2.0 , 2.333333333333334 , 0.6666666666666666 , 0.43750000000000006
0.3388535976409912 , 3.0 , 3.0 , 0.5 , 0.17647058823529413
0.26832079887390137 , 0.0 , 2.0 , 0.0 , 0.16666666666666666
0.38277626037597656 , 2.5 , 8.666666666666666 , 0.7142857142857143 , 0.5531914893617021
0.34433841705322266 , 1.0 , 4.0 , 0.3333333333333333 , 0.4444444444444444
0.28733015060424805 , 2.5 , 2.0 , 1.0 , 0.2857142857142857
0.2303621768951416 , 2.0 , 4.333333333333334 , 1.0 , 0.8125
0.35740113258361816 , 0.5 , 1.0 , 0.3333333333333333 , 0.3333333333333333
0.4231693744659424 , 0.5 , 0.33333333333333304 , 0.2 , 0.07142857142857136
3.9231929779052734 , 1.0 , 3.333333333333334 , 0.25 , 0.5000000000000001
0.2493581771850586 , 0.0 , 1.333333333333333 , 0.0 , 0.30769230769230765
0.45688533782958984 , 2.5 , 9.0 , 0.7142857142857143 , 0.5625
0.3730940818786621 , 0.0 , 4.333333333333334 , 0.0 , 0.4482758620689656
0.3671441078186035 , 1.0 , 5.666666666666667 , 0.3333333333333333 , 0.5862068965517241
0.24901938438415527 , 0.5 , 0.6666666666666661 , 0.14285714285714285 , 0.08695652173913036
0.2701148986816406 , 0.5 , 5.333333333333333 , 0.14285714285714285 , 0.4324324324324324
0.2929534912109375 , 0.5 , 5.333333333333333 , 0.14285714285714285 , 0.27586206896551724
0.4756491184234619 , 1.0 , 1.666666666666667 , 0.3333333333333333 , 0.1724137931034483
0.3315696716308594 , 0.5 , 0.0 , 0.2 , 0.0
0.23953604698181152 , 1.0 , 3.6666666666666665 , 0.5 , 0.55
0.3365805149078369 , 1.5 , 1.666666666666667 , 0.3333333333333333 , 0.1724137931034483
0.3578939437866211 , 2.0 , 6.666666666666667 , 1.0 , 0.6896551724137931
0.31238746643066406 , 0.5 , 0.0 , 0.3333333333333333 , 0.0
0.32484865188598633 , 0.5 , 1.666666666666667 , 0.14285714285714285 , 0.2173913043478261
0.5168485641479492 , 1.0 , 10.333333333333334 , 0.3333333333333333 , 1.0
0.34901881217956543 , 1.5 , 1.333333333333333 , 1.0 , 1.0
0.35978174209594727 , 0.5 , 1.0 , 0.14285714285714285 , 0.1
0.3090078830718994 , 1.5 , 0.666666666666667 , 0.6 , 0.11764705882352945
0.33812856674194336 , 0.5 , 0.666666666666667 , 0.14285714285714285 , 0.10526315789473689
0.3825998306274414 , 0.5 , 1.0 , 0.2 , 0.09090909090909091
0.3819291591644287 , 1.5 , 4.333333333333333 , 0.6 , 1.0
0.3259103298187256 , 3.0 , 6.0 , 1.5 , 2.0
0.4024801254272461 , 2.0 , 2.666666666666666 , 0.5 , 0.22857142857142854
0.4797029495239258 , 1.5 , 9.333333333333334 , 0.2727272727272727 , 0.5384615384615384
0.3148519992828369 , 0.5 , 2.3333333333333335 , 0.2 , 0.27999999999999997
0.28937268257141113 , 1.0 , 5.333333333333333 , 0.5 , 1.0
0.24638056755065918 , 0.5 , 0.0 , 0.3333333333333333 , 0.0
0.31078600883483887 , 0.5 , 0.33333333333333304 , 0.1111111111111111 , 0.01886792452830187
0.4013638496398926 , 3.0 , 9.0 , 0.75 , 1.2857142857142858
0.3461601734161377 , 0.0 , 1.666666666666667 , 0.0 , 0.19230769230769232
0.33669304847717285 , 1.5 , 4.0 , 0.42857142857142855 , 1.0
0.31056666374206543 , 1.0 , 2.0 , 0.5 , 0.3333333333333333
0.3835322856903076 , 3.5 , 11.666666666666666 , 1.0 , 1.3461538461538463
0.3357555866241455 , 1.0 , 2.6666666666666665 , 0.5 , 0.4705882352941177
0.451160192489624 , 0.0 , 1.666666666666667 , 0.0 , 0.1724137931034483
0.433211088180542 , 2.0 , 4.666666666666666 , 0.5 , 0.5384615384615384
0.3110082149505615 , 2.0 , 4.0 , 0.6666666666666666 , 0.4
0.33494043350219727 , 1.0 , 2.0 , 0.3333333333333333 , 0.5
0.3965871334075928 , 3.5 , 8.0 , 1.0 , 1.1428571428571428
0.33038330078125 , 3.0 , 1.666666666666667 , 1.0 , 0.15625
0.34412503242492676 , 0.0 , 2.0 , 0.0 , 0.6666666666666666
0.3032262325286865 , 2.0 , 9.333333333333334 , 0.4 , 0.9032258064516129
0.3715949058532715 , 1.5 , 3.666666666666667 , 0.6 , 1.0
0.49810791015625 , 3.0 , 11.333333333333334 , 1.0 , 0.85
0.4588179588317871 , 0.5 , 4.333333333333333 , 0.14285714285714285 , 0.4482758620689654
0.22190260887145996 , 3.0 , 7.333333333333334 , 1.5 , 1.6923076923076923
0.38413190841674805 , 2.0 , 3.666666666666667 , 0.6666666666666666 , 0.55
0.27524685859680176 , 1.5 , 4.0 , 0.6 , 1.3333333333333333
0.28905153274536133 , 1.5 , 3.666666666666667 , 0.6 , 0.6470588235294118
0.3021519184112549 , 1.5 , 1.333333333333333 , 0.6 , 0.15999999999999998
0.2830507755279541 , 1.0 , 2.0 , 0.5 , 0.4
0.3977243900299072 , 2.0 , 6.333333333333334 , 0.6666666666666666 , 1.1875
0.34972453117370605 , 2.5 , 4.0 , 1.0 , 0.5
0.28196167945861816 , 1.5 , 3.333333333333333 , 0.6 , 0.5263157894736842
0.27260375022888184 , 2.0 , 2.333333333333334 , 0.5 , 0.25000000000000006
0.43595170974731445 , 1.0 , 1.666666666666667 , 0.25 , 0.13513513513513517
0.47676658630371094 , 2.0 , 3.0 , 0.5 , 0.2727272727272727
0.3712472915649414 , 3.0 , 7.333333333333333 , 0.75 , 0.7857142857142858
0.2678110599517822 , 3.0 , 5.333333333333333 , 1.5 , 1.6
0.5242226123809814 , 0.5 , 5.666666666666666 , 0.2 , 0.4473684210526315
0.34229063987731934 , 3.5 , 4.333333333333333 , 1.4 , 0.6842105263157895
0.36603260040283203 , 1.5 , 8.0 , 0.6 , 0.8
0.4065816402435303 , 0.5 , 3.333333333333333 , 0.14285714285714285 , 0.4
0.4538698196411133 , 1.0 , 0.6666666666666661 , 0.3333333333333333 , 0.09999999999999992
0.2527892589569092 , 0.5 , 1.0 , 0.2 , 0.125
0.386807918548584 , 1.5 , 6.333333333333333 , 0.6 , 1.0
0.3569357395172119 , 1.5 , 5.0 , 0.42857142857142855 , 0.4166666666666667
0.37006330490112305 , 0.5 , 1.333333333333334 , 0.14285714285714285 , 0.1428571428571429
0.31601953506469727 , 1.5 , 3.666666666666667 , 1.0 , 0.7857142857142857
0.24951505661010742 , 1.0 , 1.333333333333333 , 0.5 , 0.30769230769230765
0.2950100898742676 , 0.5 , 1.333333333333333 , 0.2 , 0.28571428571428564
0.32882046699523926 , 0.0 , 0.0 , 0.0 , 0.0
0.353635311126709 , 0.0 , 2.666666666666667 , 0.0 , 0.4705882352941177
0.423384428024292 , 2.5 , 4.666666666666666 , 0.7142857142857143 , 0.608695652173913
0.3791947364807129 , 2.0 , 5.666666666666667 , 1.0 , 1.2142857142857142
0.42159152030944824 , 3.0 , 9.0 , 0.75 , 0.9
0.4317893981933594 , 4.0 , 5.666666666666667 , 1.3333333333333333 , 0.53125
0.32927584648132324 , 0.0 , 2.333333333333333 , 0.0 , 0.21874999999999994
0.37485647201538086 , 0.0 , 0.666666666666667 , 0.0 , 0.09090909090909095
0.5222115516662598 , 0.5 , 0.6666666666666661 , 0.1111111111111111 , 0.05714285714285709
0.2991964817047119 , 1.5 , 6.0 , 0.6 , 0.8571428571428571
0.274824857711792 , 1.5 , 4.0 , 0.6 , 0.6666666666666666