 ( ( ( ( ( ( ( ( ( ( ( ( ( 11 ( ( ( ( 17 ) 8 ) 14 ) 16 ) 12 ) 6 ) 13 ) 4 ) 7 ) 9 ) 18 ) 2 ) 3 ) 1 ) 10 ) 15 ) 5 ) 19
 ( ( ( ( ( ( ( ( ( ( ( ( ( 11 ( ( ( ( 17 ) 8 ) 14 ) 16 ) 12 ) 6 ) 4 ) 13 ) 7 ) 9 ) 18 ) 2 ) 3 ) 15 ) 1 ) 10 ) 5 ) 19
 ( ( ( ( ( ( ( ( ( ( ( ( ( ( 17 ) 11 ( ( ( 8 ) 14 ) 16 ) 12 ) 6 ) 4 ) 7 ) 13 ) 9 ) 18 ) 2 ) 3 ) 15 ) 1 ) 5 ) 10 ) 19
 ( ( ( ( ( ( ( ( ( ( ( ( ( ( 17 ) 11 ( ( ( 8 ) 14 ) 16 ) 12 ) 6 ) 4 ) 7 ) 13 ) 9 ) 18 ) 2 ) 3 ) 10 ) 1 ) 5 ) 15 ) 19
 ( ( ( ( ( ( ( ( ( ( ( ( ( ( 17 ) 11 ( ( ( 8 ) 14 ) 16 ) 12 ) 6 ) 4 ) 13 ) 7 ) 9 ) 18 ) 2 ) 3 ) 15 ) 1 ) 5 ) 10 ) 19
 ( ( ( ( ( ( ( ( ( ( ( ( ( 11 ( ( ( ( 17 ) 8 ) 14 ) 16 ) 12 ) 6 ) 4 ) 13 ) 7 ) 9 ) 18 ) 2 ) 3 ) 1 ) 15 ) 5 ) 10 ) 19
 ( ( ( ( ( ( ( ( ( ( ( ( ( ( 17 ) 11 ( ( ( 8 ) 14 ) 16 ) 12 ) 6 ) 4 ) 13 ) 7 ) 9 ) 18 ) 2 ) 3 ) 1 ) 15 ) 5 ) 10 ) 19
 ( ( ( ( ( ( ( ( ( ( ( ( ( ( 17 ) 11 ( ( ( 8 ) 14 ) 16 ) 12 ) 6 ) 4 ) 13 ) 7 ) 9 ) 18 ) 2 ) 3 ) 1 ) 5 ) 15 ) 10 ) 19
 ( ( ( ( ( ( ( ( ( ( ( ( ( ( 17 ) 11 ( ( ( 8 ) 14 ) 16 ) 12 ) 6 ) 4 ) 7 ) 13 ) 9 ) 18 ) 2 ) 3 ) 1 ) 5 ) 15 ) 10 ) 19
 ( ( ( ( ( ( ( ( ( ( ( ( ( ( 17 ) 11 ( ( ( 8 ) 14 ) 16 ) 12 ) 6 ) 4 ) 13 ) 7 ) 9 ) 18 ) 2 ) 3 ) 1 ) 5 ) 10 ) 15 ) 19
 ( ( ( ( ( ( ( ( ( ( ( ( ( ( 17 ) 11 ( ( ( 8 ) 14 ) 16 ) 12 ) 6 ) 4 ) 13 ) 7 ) 9 ) 18 ) 2 ) 3 ) 15 ) 1 ) 10 ) 5 ) 19
 ( ( ( ( ( ( ( ( ( ( ( ( ( 11 ( ( ( ( 17 ) 8 ) 14 ) 16 ) 12 ) 6 ) 4 ) 13 ) 7 ) 9 ) 18 ) 2 ) 3 ) 15 ) 10 ) 1 ) 5 ) 19
 ( ( ( ( ( ( ( ( ( ( ( ( ( 11 ( ( ( ( 17 ) 8 ) 14 ) 16 ) 12 ) 6 ) 4 ) 13 ) 7 ) 9 ) 18 ) 2 ) 3 ) 15 ) 1 ) 5 ) 10 ) 19
 ( ( ( ( ( ( ( ( ( ( ( ( ( 11 ( ( ( ( 17 ) 8 ) 14 ) 16 ) 12 ) 6 ) 4 ) 13 ) 7 ) 9 ) 18 ) 2 ) 3 ) 10 ) 15 ) 1 ) 5 ) 19
 ( ( ( ( ( ( ( ( ( ( ( ( ( 11 ( ( ( ( 17 ) 8 ) 14 ) 16 ) 12 ) 6 ) 4 ) 13 ) 7 ) 9 ) 18 ) 2 ) 3 ) 1 ) 15 ) 10 ) 5 ) 19
 ( ( ( ( ( ( ( ( ( ( ( ( ( 11 ( ( ( ( 17 ) 8 ) 14 ) 16 ) 12 ) 6 ) 4 ) 13 ) 7 ) 9 ) 18 ) 2 ) 3 ) 1 ) 5 ) 10 ) 15 ) 19
 ( ( ( ( ( ( ( ( ( ( ( ( ( 11 ( ( ( ( 17 ) 8 ) 14 ) 16 ) 12 ) 6 ) 4 ) 13 ) 7 ) 9 ) 18 ) 2 ) 3 ) 10 ) 1 ) 15 ) 5 ) 19
 ( ( ( ( ( ( ( ( ( ( ( ( ( ( 17 ) 11 ( ( ( 8 ) 14 ) 16 ) 12 ) 13 ) 6 ) 4 ) 7 ) 9 ) 18 ) 2 ) 3 ) 1 ) 10 ) 15 ) 5 ) 19
 ( ( ( ( ( ( ( ( ( ( ( ( ( ( 17 ) 11 ( ( ( 8 ) 14 ) 16 ) 12 ) 13 ) 6 ) 4 ) 7 ) 9 ) 18 ) 2 ) 3 ) 10 ) 1 ) 15 ) 5 ) 19
 ( ( ( ( ( ( ( ( ( ( ( ( ( ( 17 ) 11 ( ( ( 8 ) 14 ) 16 ) 12 ) 13 ) 6 ) 4 ) 7 ) 9 ) 18 ) 2 ) 3 ) 15 ) 1 ) 10 ) 5 ) 19
 ( ( ( ( ( ( ( ( ( ( ( ( ( ( 17 ) 11 ( ( ( 8 ) 14 ) 16 ) 12 ) 6 ) 13 ) 4 ) 7 ) 9 ) 18 ) 2 ) 3 ) 15 ) 1 ) 10 ) 5 ) 19
 ( ( ( ( ( ( ( ( ( ( ( ( ( ( 17 ) 11 ( ( ( 8 ) 14 ) 16 ) 12 ) 6 ) 13 ) 4 ) 7 ) 9 ) 18 ) 2 ) 3 ) 15 ) 10 ) 1 ) 5 ) 19
 ( ( ( ( ( ( ( ( ( ( ( ( ( ( 17 ) 11 ( ( ( 8 ) 14 ) 16 ) 12 ) 13 ) 6 ) 4 ) 7 ) 9 ) 18 ) 2 ) 3 ) 15 ) 10 ) 1 ) 5 ) 19
 ( ( ( ( ( ( ( ( ( ( ( ( ( ( 17 ) 11 ( ( ( 8 ) 14 ) 16 ) 12 ) 6 ) 4 ) 7 ) 13 ) 9 ) 18 ) 2 ) 3 ) 1 ) 10 ) 5 ) 15 ) 19
 ( ( ( ( ( ( ( ( ( ( ( ( ( ( 17 ) 11 ( ( ( 8 ) 14 ) 16 ) 12 ) 6 ) 13 ) 4 ) 7 ) 9 ) 18 ) 2 ) 3 ) 10 ) 1 ) 15 ) 5 ) 19
 ( ( ( ( ( ( ( ( ( ( ( ( ( 11 ( ( ( ( 17 ) 8 ) 14 ) 16 ) 12 ) 6 ) 13 ) 4 ) 7 ) 9 ) 18 ) 2 ) 3 ) 10 ) 1 ) 15 ) 5 ) 19
 ( ( ( ( ( ( ( ( ( ( ( ( ( ( 17 ) 11 ( ( ( 8 ) 14 ) 16 ) 12 ) 6 ) 13 ) 4 ) 7 ) 9 ) 18 ) 2 ) 3 ) 15 ) 1 ) 5 ) 10 ) 19
 ( ( ( ( ( ( ( ( ( ( ( ( ( ( 17 ) 11 ( ( ( 8 ) 14 ) 16 ) 12 ) 6 ) 13 ) 4 ) 7 ) 9 ) 18 ) 2 ) 3 ) 10 ) 1 ) 5 ) 15 ) 19
 ( ( ( ( ( ( ( ( ( ( ( ( ( ( 17 ) 11 ( ( ( 8 ) 14 ) 16 ) 12 ) 6 ) 4 ) 7 ) 13 ) 9 ) 18 ) 2 ) 3 ) 10 ) 1 ) 15 ) 5 ) 19
 ( ( ( ( ( ( ( ( ( ( ( ( ( ( 17 ) 11 ( ( ( 8 ) 14 ) 16 ) 12 ) 6 ) 4 ) 7 ) 13 ) 9 ) 18 ) 2 ) 3 ) 1 ) 15 ) 10 ) 5 ) 19
 ( ( ( ( ( ( ( ( ( ( ( ( ( ( 17 ) 11 ( ( ( 8 ) 14 ) 16 ) 12 ) 6 ) 4 ) 7 ) 13 ) 9 ) 18 ) 2 ) 3 ) 10 ) 15 ) 1 ) 5 ) 19
 ( ( ( ( ( ( ( ( ( ( ( ( ( 11 ( ( ( ( 17 ) 8 ) 14 ) 16 ) 12 ) 13 ) 6 ) 4 ) 7 ) 9 ) 18 ) 2 ) 3 ) 1 ) 15 ) 5 ) 10 ) 19
 ( ( ( ( ( ( ( ( ( ( ( ( ( ( 17 ) 11 ( ( ( 8 ) 14 ) 16 ) 12 ) 13 ) 6 ) 4 ) 7 ) 9 ) 18 ) 2 ) 3 ) 15 ) 1 ) 5 ) 10 ) 19
 ( ( ( ( ( ( ( ( ( ( ( ( ( ( 17 ) 11 ( ( ( 8 ) 14 ) 16 ) 12 ) 13 ) 6 ) 4 ) 7 ) 9 ) 18 ) 2 ) 3 ) 1 ) 15 ) 5 ) 10 ) 19
 ( ( ( ( ( ( ( ( ( ( ( ( ( ( 17 ) 11 ( ( ( 8 ) 14 ) 16 ) 12 ) 6 ) 4 ) 7 ) 13 ) 9 ) 18 ) 2 ) 3 ) 1 ) 5 ) 10 ) 15 ) 19
 ( ( ( ( ( ( ( ( ( ( ( ( ( ( 17 ) 11 ( ( ( 8 ) 14 ) 16 ) 12 ) 13 ) 6 ) 4 ) 7 ) 9 ) 18 ) 2 ) 3 ) 1 ) 10 ) 5 ) 15 ) 19
 ( ( ( ( ( ( ( ( ( ( ( ( ( ( 17 ) 11 ( ( ( 8 ) 14 ) 16 ) 12 ) 13 ) 6 ) 4 ) 7 ) 9 ) 18 ) 2 ) 3 ) 1 ) 5 ) 15 ) 10 ) 19
 ( ( ( ( ( ( ( ( ( ( ( ( ( ( 17 ) 11 ( ( ( 8 ) 14 ) 16 ) 12 ) 6 ) 13 ) 4 ) 7 ) 9 ) 18 ) 2 ) 3 ) 1 ) 5 ) 15 ) 10 ) 19
 ( ( ( ( ( ( ( ( ( ( ( ( ( 11 ( ( ( ( 17 ) 8 ) 14 ) 16 ) 12 ) 6 ) 13 ) 4 ) 7 ) 9 ) 18 ) 2 ) 3 ) 1 ) 5 ) 15 ) 10 ) 19
 ( ( ( ( ( ( ( ( ( ( ( ( ( 11 ( ( ( ( 17 ) 8 ) 14 ) 16 ) 12 ) 6 ) 13 ) 4 ) 7 ) 9 ) 18 ) 2 ) 3 ) 1 ) 5 ) 10 ) 15 ) 19
 ( ( ( ( ( ( ( ( ( ( ( ( ( 11 ( ( ( ( 17 ) 8 ) 14 ) 16 ) 12 ) 6 ) 13 ) 4 ) 7 ) 9 ) 18 ) 2 ) 3 ) 1 ) 10 ) 5 ) 15 ) 19
 ( ( ( ( ( ( ( ( ( ( ( ( ( ( 17 ) 11 ( ( ( 8 ) 14 ) 16 ) 12 ) 6 ) 13 ) 4 ) 7 ) 9 ) 18 ) 2 ) 3 ) 1 ) 10 ) 5 ) 15 ) 19
 ( ( ( ( ( ( ( ( ( ( ( ( ( 11 ( ( ( ( 17 ) 8 ) 14 ) 16 ) 12 ) 13 ) 6 ) 4 ) 7 ) 9 ) 18 ) 2 ) 3 ) 1 ) 15 ) 10 ) 5 ) 19
 ( ( ( ( ( ( ( ( ( ( ( ( ( 11 ( ( ( ( 17 ) 8 ) 14 ) 16 ) 12 ) 13 ) 6 ) 4 ) 7 ) 9 ) 18 ) 2 ) 3 ) 1 ) 10 ) 5 ) 15 ) 19
 ( ( ( ( ( ( ( ( ( ( ( ( ( ( 17 ) 11 ( ( ( 8 ) 14 ) 16 ) 12 ) 6 ) 4 ) 7 ) 13 ) 9 ) 18 ) 2 ) 3 ) 1 ) 15 ) 5 ) 10 ) 19
 ( ( ( ( ( ( ( ( ( ( ( ( ( ( 17 ) 11 ( ( ( 8 ) 14 ) 16 ) 12 ) 13 ) 6 ) 4 ) 7 ) 9 ) 18 ) 2 ) 3 ) 1 ) 5 ) 10 ) 15 ) 19
 ( ( ( ( ( ( ( ( ( ( ( ( ( ( 17 ) 11 ( ( ( 8 ) 14 ) 16 ) 12 ) 6 ) 4 ) 13 ) 7 ) 9 ) 18 ) 2 ) 3 ) 1 ) 10 ) 15 ) 5 ) 19
 ( ( ( ( ( ( ( ( ( ( ( ( ( 11 ( ( ( ( 17 ) 8 ) 14 ) 16 ) 12 ) 6 ) 4 ) 13 ) 7 ) 9 ) 18 ) 2 ) 3 ) 1 ) 10 ) 15 ) 5 ) 19
 ( ( ( ( ( ( ( ( ( ( ( ( ( 11 ( ( ( ( 17 ) 8 ) 14 ) 16 ) 12 ) 6 ) 4 ) 7 ) 13 ) 9 ) 18 ) 2 ) 3 ) 15 ) 10 ) 1 ) 5 ) 19
 ( ( ( ( ( ( ( ( ( ( ( ( ( 11 ( ( ( ( 17 ) 8 ) 14 ) 16 ) 12 ) 6 ) 4 ) 7 ) 13 ) 9 ) 18 ) 2 ) 3 ) 10 ) 15 ) 1 ) 5 ) 19
 ( ( ( ( ( ( ( ( ( ( ( ( ( 11 ( ( ( ( 17 ) 8 ) 14 ) 16 ) 12 ) 6 ) 13 ) 4 ) 7 ) 9 ) 18 ) 2 ) 3 ) 15 ) 1 ) 10 ) 5 ) 19
 ( ( ( ( ( ( ( ( ( ( ( ( ( 11 ( ( ( ( 17 ) 8 ) 14 ) 16 ) 12 ) 13 ) 6 ) 4 ) 7 ) 9 ) 18 ) 2 ) 3 ) 15 ) 1 ) 10 ) 5 ) 19
 ( ( ( ( ( ( ( ( ( ( ( ( ( 11 ( ( ( ( 17 ) 8 ) 14 ) 16 ) 12 ) 6 ) 4 ) 13 ) 7 ) 9 ) 18 ) 2 ) 3 ) 10 ) 1 ) 5 ) 15 ) 19
 ( ( ( ( ( ( ( ( ( ( ( ( ( ( 17 ) 11 ( ( ( 8 ) 14 ) 16 ) 12 ) 6 ) 4 ) 13 ) 7 ) 9 ) 18 ) 2 ) 3 ) 10 ) 1 ) 5 ) 15 ) 19
 ( ( ( ( ( ( ( ( ( ( ( ( ( ( 17 ) 11 ( ( ( 8 ) 14 ) 16 ) 12 ) 6 ) 13 ) 4 ) 7 ) 9 ) 18 ) 2 ) 3 ) 1 ) 15 ) 5 ) 10 ) 19
 ( ( ( ( ( ( ( ( ( ( ( ( ( 11 ( ( ( ( 17 ) 8 ) 14 ) 16 ) 12 ) 13 ) 6 ) 4 ) 7 ) 9 ) 18 ) 2 ) 3 ) 10 ) 15 ) 1 ) 5 ) 19
 ( ( ( ( ( ( ( ( ( ( ( ( ( ( 17 ) 11 ( ( ( 8 ) 14 ) 16 ) 12 ) 13 ) 6 ) 4 ) 7 ) 9 ) 18 ) 2 ) 3 ) 1 ) 15 ) 10 ) 5 ) 19
 ( ( ( ( ( ( ( ( ( ( ( ( ( 11 ( ( ( ( 17 ) 8 ) 14 ) 16 ) 12 ) 6 ) 4 ) 7 ) 13 ) 9 ) 18 ) 2 ) 3 ) 1 ) 5 ) 15 ) 10 ) 19
 ( ( ( ( ( ( ( ( ( ( ( ( ( ( 17 ) 11 ( ( ( 8 ) 14 ) 16 ) 12 ) 6 ) 4 ) 7 ) 13 ) 9 ) 18 ) 2 ) 3 ) 1 ) 10 ) 15 ) 5 ) 19
 ( ( ( ( ( ( ( ( ( ( ( ( ( 11 ( ( ( ( 17 ) 8 ) 14 ) 16 ) 12 ) 6 ) 4 ) 7 ) 13 ) 9 ) 18 ) 2 ) 3 ) 15 ) 1 ) 10 ) 5 ) 19
 ( ( ( ( ( ( ( ( ( ( ( ( ( ( 17 ) 11 ( ( ( 8 ) 14 ) 16 ) 12 ) 6 ) 13 ) 4 ) 7 ) 9 ) 18 ) 2 ) 3 ) 1 ) 10 ) 15 ) 5 ) 19
 ( ( ( ( ( ( ( ( ( ( ( ( ( 11 ( ( ( ( 17 ) 8 ) 14 ) 16 ) 12 ) 6 ) 13 ) 4 ) 7 ) 9 ) 18 ) 2 ) 3 ) 10 ) 15 ) 1 ) 5 ) 19
 ( ( ( ( ( ( ( ( ( ( ( ( ( 11 ( ( ( ( 17 ) 8 ) 14 ) 16 ) 12 ) 13 ) 6 ) 4 ) 7 ) 9 ) 18 ) 2 ) 3 ) 1 ) 5 ) 10 ) 15 ) 19
 ( ( ( ( ( ( ( ( ( ( ( ( ( ( 17 ) 11 ( ( ( 8 ) 14 ) 16 ) 12 ) 6 ) 4 ) 13 ) 7 ) 9 ) 18 ) 2 ) 3 ) 10 ) 1 ) 15 ) 5 ) 19
 ( ( ( ( ( ( ( ( ( ( ( ( ( ( 17 ) 11 ( ( ( 8 ) 14 ) 16 ) 12 ) 13 ) 6 ) 4 ) 7 ) 9 ) 18 ) 2 ) 3 ) 10 ) 1 ) 5 ) 15 ) 19
 ( ( ( ( ( ( ( ( ( ( ( ( ( 11 ( ( ( ( 17 ) 8 ) 14 ) 16 ) 12 ) 6 ) 4 ) 7 ) 13 ) 9 ) 18 ) 2 ) 3 ) 10 ) 1 ) 15 ) 5 ) 19
 ( ( ( ( ( ( ( ( ( ( ( ( ( 11 ( ( ( ( 17 ) 8 ) 14 ) 16 ) 12 ) 13 ) 6 ) 4 ) 7 ) 9 ) 18 ) 2 ) 3 ) 1 ) 5 ) 15 ) 10 ) 19
 ( ( ( ( ( ( ( ( ( ( ( ( ( ( 17 ) 11 ( ( ( 8 ) 14 ) 16 ) 12 ) 13 ) 6 ) 4 ) 7 ) 9 ) 18 ) 2 ) 3 ) 10 ) 15 ) 1 ) 5 ) 19
 ( ( ( ( ( ( ( ( ( ( ( ( ( 11 ( ( ( ( 17 ) 8 ) 14 ) 16 ) 12 ) 13 ) 6 ) 4 ) 7 ) 9 ) 18 ) 2 ) 3 ) 1 ) 10 ) 15 ) 5 ) 19
 ( ( ( ( ( ( ( ( ( ( ( ( ( ( 17 ) 11 ( ( ( 8 ) 14 ) 16 ) 12 ) 6 ) 4 ) 13 ) 7 ) 9 ) 18 ) 2 ) 3 ) 10 ) 15 ) 1 ) 5 ) 19
 ( ( ( ( ( ( ( ( ( ( ( ( ( ( 17 ) 11 ( ( ( 8 ) 14 ) 16 ) 12 ) 6 ) 4 ) 13 ) 7 ) 9 ) 18 ) 2 ) 3 ) 1 ) 10 ) 5 ) 15 ) 19
 ( ( ( ( ( ( ( ( ( ( ( ( ( 11 ( ( ( ( 17 ) 8 ) 14 ) 16 ) 12 ) 13 ) 6 ) 4 ) 7 ) 9 ) 18 ) 2 ) 3 ) 10 ) 1 ) 15 ) 5 ) 19
 ( ( ( ( ( ( ( ( ( ( ( ( ( 11 ( ( ( ( 17 ) 8 ) 14 ) 16 ) 12 ) 13 ) 6 ) 4 ) 7 ) 9 ) 18 ) 2 ) 3 ) 10 ) 1 ) 5 ) 15 ) 19
 ( ( ( ( ( ( ( ( ( ( ( ( ( 11 ( ( ( ( 17 ) 8 ) 14 ) 16 ) 12 ) 13 ) 6 ) 4 ) 7 ) 9 ) 18 ) 2 ) 3 ) 15 ) 1 ) 5 ) 10 ) 19
 ( ( ( ( ( ( ( ( ( ( ( ( ( 11 ( ( ( ( 17 ) 8 ) 14 ) 16 ) 12 ) 6 ) 4 ) 13 ) 7 ) 9 ) 18 ) 2 ) 3 ) 1 ) 10 ) 5 ) 15 ) 19
 ( ( ( ( ( ( ( ( ( ( ( ( ( ( 17 ) 11 ( ( ( 8 ) 14 ) 16 ) 12 ) 6 ) 13 ) 4 ) 7 ) 9 ) 18 ) 2 ) 3 ) 1 ) 15 ) 10 ) 5 ) 19
 ( ( ( ( ( ( ( ( ( ( ( ( ( 11 ( ( ( ( 17 ) 8 ) 14 ) 16 ) 12 ) 6 ) 13 ) 4 ) 7 ) 9 ) 18 ) 2 ) 3 ) 1 ) 15 ) 10 ) 5 ) 19
 ( ( ( ( ( ( ( ( ( ( ( ( ( 11 ( ( ( ( 17 ) 8 ) 14 ) 16 ) 12 ) 6 ) 4 ) 7 ) 13 ) 9 ) 18 ) 2 ) 3 ) 1 ) 15 ) 10 ) 5 ) 19
 ( ( ( ( ( ( ( ( ( ( ( ( ( ( 17 ) 11 ( ( ( 8 ) 14 ) 16 ) 12 ) 6 ) 13 ) 4 ) 7 ) 9 ) 18 ) 2 ) 3 ) 10 ) 15 ) 1 ) 5 ) 19
 ( ( ( ( ( ( ( ( ( ( ( ( ( 11 ( ( ( ( 17 ) 8 ) 14 ) 16 ) 12 ) 6 ) 13 ) 4 ) 7 ) 9 ) 18 ) 2 ) 3 ) 15 ) 10 ) 1 ) 5 ) 19
 ( ( ( ( ( ( ( ( ( ( ( ( ( ( 17 ) 11 ( ( ( 8 ) 14 ) 16 ) 12 ) 6 ) 4 ) 13 ) 7 ) 9 ) 18 ) 2 ) 3 ) 15 ) 10 ) 1 ) 5 ) 19
 ( ( ( ( ( ( ( ( ( ( ( ( ( ( 17 ) 11 ( ( ( 8 ) 14 ) 16 ) 12 ) 6 ) 4 ) 7 ) 13 ) 9 ) 18 ) 2 ) 3 ) 15 ) 10 ) 1 ) 5 ) 19
 ( ( ( ( ( ( ( ( ( ( ( ( ( 11 ( ( ( ( 17 ) 8 ) 14 ) 16 ) 12 ) 6 ) 13 ) 4 ) 7 ) 9 ) 18 ) 2 ) 3 ) 1 ) 15 ) 5 ) 10 ) 19
 ( ( ( ( ( ( ( ( ( ( ( ( ( 11 ( ( ( ( 17 ) 8 ) 14 ) 16 ) 12 ) 6 ) 13 ) 4 ) 7 ) 9 ) 18 ) 2 ) 3 ) 10 ) 1 ) 5 ) 15 ) 19
 ( ( ( ( ( ( ( ( ( ( ( ( ( 11 ( ( ( ( 17 ) 8 ) 14 ) 16 ) 12 ) 6 ) 13 ) 4 ) 7 ) 9 ) 18 ) 2 ) 3 ) 15 ) 1 ) 5 ) 10 ) 19
 ( ( ( ( ( ( ( ( ( ( ( ( ( 11 ( ( ( ( 17 ) 8 ) 14 ) 16 ) 12 ) 6 ) 4 ) 7 ) 13 ) 9 ) 18 ) 2 ) 3 ) 10 ) 1 ) 5 ) 15 ) 19
 ( ( ( ( ( ( ( ( ( ( ( ( ( ( 17 ) 11 ( ( ( 8 ) 14 ) 16 ) 12 ) 6 ) 4 ) 7 ) 13 ) 9 ) 18 ) 2 ) 3 ) 15 ) 1 ) 10 ) 5 ) 19
