 ( ( ( ( ( ( ( ( ( ( ( ( ( ( ( ( ( ( ( ( ( ( ( ( ( ( ( ( ( ( ( ( ( ( ( 22 ) 29 ) 32 ) 21 ) 28 ) 3 ) 26 ) 1 ) 23 ) 6 ) 15 ) 5 ) 35 ) 20 ) 34 ) 24 ) 13 ) 17 ) 25 ) 10 ) 2 ) 31 ) 7 ) 30 ) 16 ) 4 ) 11 ) 18 ) 33 ) 27 ) 9 ) 8 ) 12 ) 14 ) 19 ) 36
 ( ( ( ( ( ( ( ( ( ( ( ( ( ( ( ( ( ( ( ( ( ( ( ( ( ( ( ( ( ( ( ( ( ( ( 22 ) 29 ) 32 ) 21 ) 28 ) 3 ) 26 ) 1 ) 35 ) 6 ) 15 ) 5 ) 23 ) 20 ) 34 ) 24 ) 13 ) 17 ) 25 ) 10 ) 2 ) 31 ) 7 ) 30 ) 16 ) 4 ) 11 ) 18 ) 33 ) 27 ) 9 ) 8 ) 12 ) 14 ) 19 ) 36
 ( ( ( ( ( ( ( ( ( ( ( ( ( ( ( ( ( ( ( ( ( ( ( ( ( ( ( ( ( ( ( ( ( ( ( 22 ) 32 ) 26 ) 28 ) 10 ) 7 ) 3 ) 33 ) 5 ) 35 ) 6 ) 15 ) 23 ) 20 ) 1 ) 31 ) 29 ) 17 ) 4 ) 16 ) 30 ) 8 ) 27 ) 11 ) 25 ) 13 ) 18 ) 2 ) 34 ) 12 ) 19 ) 24 ) 21 ) 14 ) 9 ) 36
 ( ( ( ( ( ( ( ( ( ( ( ( ( ( ( ( ( ( ( ( ( ( ( ( ( ( ( ( ( ( ( ( ( ( ( 22 ) 32 ) 23 ) 17 ) 20 ) 30 ) 27 ) 33 ) 21 ) 1 ) 15 ) 35 ) 8 ) 6 ) 26 ) 5 ) 28 ) 3 ) 4 ) 12 ) 34 ) 31 ) 9 ) 13 ) 10 ) 7 ) 24 ) 16 ) 25 ) 14 ) 11 ) 2 ) 29 ) 19 ) 18 ) 36
 ( ( ( ( ( ( ( ( ( ( ( ( ( ( ( ( ( ( ( ( ( ( ( ( ( ( ( ( ( ( ( ( ( ( ( 22 ) 32 ) 23 ) 17 ) 20 ) 30 ) 27 ) 33 ) 21 ) 1 ) 15 ) 35 ) 8 ) 6 ) 26 ) 5 ) 28 ) 3 ) 4 ) 34 ) 12 ) 31 ) 9 ) 13 ) 10 ) 7 ) 24 ) 16 ) 25 ) 14 ) 11 ) 2 ) 29 ) 19 ) 18 ) 36
 ( ( ( ( ( ( ( ( ( ( ( ( ( ( ( ( ( ( ( ( ( ( ( ( ( ( ( ( ( ( ( ( ( ( ( 22 ) 32 ) 23 ) 17 ) 20 ) 30 ) 27 ) 33 ) 21 ) 1 ) 15 ) 35 ) 8 ) 6 ) 26 ) 5 ) 28 ) 3 ) 4 ) 11 ) 12 ) 31 ) 9 ) 13 ) 10 ) 7 ) 24 ) 16 ) 25 ) 14 ) 34 ) 2 ) 29 ) 19 ) 18 ) 36
 ( ( ( ( ( ( ( ( ( ( ( ( ( ( ( ( ( ( ( ( ( ( ( ( ( ( ( ( ( ( ( ( ( ( ( 22 ) 32 ) 23 ) 17 ) 20 ) 30 ) 27 ) 33 ) 21 ) 1 ) 15 ) 35 ) 8 ) 6 ) 26 ) 5 ) 28 ) 3 ) 4 ) 11 ) 12 ) 31 ) 9 ) 13 ) 10 ) 7 ) 24 ) 16 ) 25 ) 2 ) 34 ) 14 ) 29 ) 19 ) 18 ) 36
 ( ( ( ( ( ( ( ( ( ( ( ( ( ( ( ( ( ( ( ( ( ( ( ( ( ( ( ( ( ( ( ( ( ( ( 22 ) 32 ) 23 ) 17 ) 20 ) 30 ) 27 ) 33 ) 21 ) 1 ) 15 ) 35 ) 8 ) 6 ) 26 ) 5 ) 28 ) 3 ) 4 ) 11 ) 29 ) 31 ) 9 ) 13 ) 10 ) 7 ) 24 ) 16 ) 25 ) 2 ) 34 ) 14 ) 12 ) 19 ) 18 ) 36
 ( ( ( ( ( ( ( ( ( ( ( ( ( ( ( ( ( ( ( ( ( ( ( ( ( ( ( ( ( ( ( ( ( ( ( 22 ) 32 ) 23 ) 17 ) 20 ) 30 ) 27 ) 33 ) 21 ) 1 ) 15 ) 35 ) 8 ) 6 ) 26 ) 5 ) 28 ) 3 ) 24 ) 11 ) 29 ) 31 ) 9 ) 13 ) 10 ) 7 ) 4 ) 16 ) 25 ) 2 ) 34 ) 14 ) 12 ) 19 ) 18 ) 36
 ( ( ( ( ( ( ( ( ( ( ( ( ( ( ( ( ( ( ( ( ( ( ( ( ( ( ( ( ( ( ( ( ( ( ( 22 ) 32 ) 23 ) 17 ) 20 ) 30 ) 27 ) 33 ) 21 ) 1 ) 15 ) 35 ) 8 ) 6 ) 26 ) 5 ) 28 ) 3 ) 24 ) 11 ) 29 ) 31 ) 9 ) 13 ) 10 ) 7 ) 4 ) 16 ) 25 ) 2 ) 19 ) 14 ) 12 ) 34 ) 18 ) 36
 ( ( ( ( ( ( ( ( ( ( ( ( ( ( ( ( ( ( ( ( ( ( ( ( ( ( ( ( ( ( ( ( ( ( ( 22 ) 32 ) 23 ) 17 ) 21 ) 30 ) 27 ) 33 ) 20 ) 1 ) 15 ) 35 ) 8 ) 6 ) 26 ) 5 ) 28 ) 3 ) 24 ) 11 ) 29 ) 31 ) 9 ) 13 ) 10 ) 7 ) 4 ) 16 ) 25 ) 2 ) 19 ) 14 ) 12 ) 34 ) 18 ) 36
 ( ( ( ( ( ( ( ( ( ( ( ( ( ( ( ( ( ( ( ( ( ( ( ( ( ( ( ( ( ( ( ( ( ( ( 22 ) 32 ) 23 ) 17 ) 21 ) 30 ) 27 ) 33 ) 20 ) 1 ) 15 ) 35 ) 8 ) 6 ) 26 ) 5 ) 28 ) 3 ) 24 ) 11 ) 29 ) 31 ) 4 ) 13 ) 10 ) 7 ) 9 ) 16 ) 25 ) 2 ) 19 ) 14 ) 12 ) 34 ) 18 ) 36
 ( ( ( ( ( ( ( ( ( ( ( ( ( ( ( ( ( ( ( ( ( ( ( ( ( ( ( ( ( ( ( ( ( ( ( 22 ) 32 ) 23 ) 17 ) 21 ) 30 ) 27 ) 33 ) 20 ) 26 ) 15 ) 35 ) 8 ) 6 ) 1 ) 5 ) 28 ) 3 ) 24 ) 11 ) 29 ) 31 ) 4 ) 13 ) 10 ) 7 ) 9 ) 16 ) 25 ) 2 ) 19 ) 14 ) 12 ) 34 ) 18 ) 36
 ( ( ( ( ( ( ( ( ( ( ( ( ( ( ( ( ( ( ( ( ( ( ( ( ( ( ( ( ( ( ( ( ( ( ( 22 ) 32 ) 26 ) 28 ) 10 ) 7 ) 3 ) 33 ) 5 ) 35 ) 6 ) 15 ) 23 ) 20 ) 1 ) 31 ) 29 ) 17 ) 4 ) 16 ) 30 ) 25 ) 27 ) 11 ) 8 ) 13 ) 18 ) 2 ) 34 ) 12 ) 19 ) 24 ) 21 ) 14 ) 9 ) 36
 ( ( ( ( ( ( ( ( ( ( ( ( ( ( ( ( ( ( ( ( ( ( ( ( ( ( ( ( ( ( ( ( ( ( ( 22 ) 32 ) 23 ) 17 ) 21 ) 30 ) 27 ) 33 ) 20 ) 26 ) 15 ) 35 ) 8 ) 6 ) 1 ) 5 ) 28 ) 3 ) 24 ) 11 ) 29 ) 31 ) 4 ) 13 ) 10 ) 7 ) 19 ) 16 ) 25 ) 2 ) 9 ) 14 ) 12 ) 34 ) 18 ) 36
 ( ( ( ( ( ( ( ( ( ( ( ( ( ( ( ( ( ( ( ( ( ( ( ( ( ( ( ( ( ( ( ( ( ( ( 22 ) 32 ) 23 ) 17 ) 21 ) 30 ) 27 ) 33 ) 20 ) 26 ) 15 ) 35 ) 8 ) 6 ) 1 ) 5 ) 28 ) 3 ) 24 ) 18 ) 29 ) 31 ) 4 ) 13 ) 10 ) 7 ) 19 ) 16 ) 25 ) 2 ) 9 ) 14 ) 12 ) 34 ) 11 ) 36
 ( ( ( ( ( ( ( ( ( ( ( ( ( ( ( ( ( ( ( ( ( ( ( ( ( ( ( ( ( ( ( ( ( ( ( 22 ) 32 ) 23 ) 17 ) 21 ) 30 ) 27 ) 33 ) 20 ) 26 ) 15 ) 35 ) 8 ) 6 ) 1 ) 5 ) 28 ) 3 ) 24 ) 18 ) 29 ) 31 ) 4 ) 13 ) 10 ) 7 ) 19 ) 2 ) 25 ) 16 ) 9 ) 14 ) 12 ) 34 ) 11 ) 36
 ( ( ( ( ( ( ( ( ( ( ( ( ( ( ( ( ( ( ( ( ( ( ( ( ( ( ( ( ( ( ( ( ( ( ( 22 ) 32 ) 23 ) 17 ) 21 ) 30 ) 27 ) 33 ) 20 ) 26 ) 15 ) 35 ) 8 ) 6 ) 1 ) 5 ) 28 ) 3 ) 24 ) 18 ) 29 ) 2 ) 4 ) 13 ) 10 ) 7 ) 19 ) 31 ) 25 ) 16 ) 9 ) 14 ) 12 ) 34 ) 11 ) 36
 ( ( ( ( ( ( ( ( ( ( ( ( ( ( ( ( ( ( ( ( ( ( ( ( ( ( ( ( ( ( ( ( ( ( ( 22 ) 32 ) 23 ) 17 ) 21 ) 30 ) 27 ) 33 ) 20 ) 26 ) 15 ) 35 ) 8 ) 6 ) 1 ) 5 ) 28 ) 3 ) 24 ) 18 ) 29 ) 2 ) 4 ) 13 ) 10 ) 7 ) 25 ) 31 ) 19 ) 16 ) 9 ) 14 ) 12 ) 34 ) 11 ) 36
 ( ( ( ( ( ( ( ( ( ( ( ( ( ( ( ( ( ( ( ( ( ( ( ( ( ( ( ( ( ( ( ( ( ( ( 22 ) 32 ) 23 ) 17 ) 21 ) 30 ) 27 ) 33 ) 20 ) 26 ) 15 ) 35 ) 8 ) 6 ) 1 ) 5 ) 28 ) 3 ) 24 ) 18 ) 29 ) 2 ) 4 ) 13 ) 10 ) 7 ) 16 ) 31 ) 19 ) 25 ) 9 ) 14 ) 12 ) 34 ) 11 ) 36
 ( ( ( ( ( ( ( ( ( ( ( ( ( ( ( ( ( ( ( ( ( ( ( ( ( ( ( ( ( ( ( ( ( ( ( 22 ) 32 ) 23 ) 17 ) 21 ) 30 ) 27 ) 33 ) 20 ) 26 ) 15 ) 35 ) 8 ) 6 ) 1 ) 5 ) 28 ) 3 ) 24 ) 18 ) 29 ) 2 ) 4 ) 13 ) 10 ) 7 ) 16 ) 31 ) 19 ) 25 ) 9 ) 12 ) 14 ) 34 ) 11 ) 36
 ( ( ( ( ( ( ( ( ( ( ( ( ( ( ( ( ( ( ( ( ( ( ( ( ( ( ( ( ( ( ( ( ( ( ( 22 ) 32 ) 23 ) 17 ) 21 ) 30 ) 27 ) 33 ) 20 ) 26 ) 15 ) 3 ) 8 ) 6 ) 1 ) 5 ) 28 ) 35 ) 24 ) 18 ) 29 ) 2 ) 4 ) 13 ) 10 ) 7 ) 16 ) 31 ) 19 ) 25 ) 9 ) 12 ) 14 ) 34 ) 11 ) 36
 ( ( ( ( ( ( ( ( ( ( ( ( ( ( ( ( ( ( ( ( ( ( ( ( ( ( ( ( ( ( ( ( ( ( ( 22 ) 32 ) 23 ) 17 ) 21 ) 30 ) 27 ) 33 ) 20 ) 26 ) 15 ) 3 ) 8 ) 6 ) 1 ) 5 ) 28 ) 35 ) 24 ) 18 ) 29 ) 2 ) 4 ) 13 ) 10 ) 7 ) 16 ) 31 ) 19 ) 34 ) 9 ) 12 ) 14 ) 25 ) 11 ) 36
 ( ( ( ( ( ( ( ( ( ( ( ( ( ( ( ( ( ( ( ( ( ( ( ( ( ( ( ( ( ( ( ( ( ( ( 22 ) 32 ) 23 ) 17 ) 21 ) 30 ) 27 ) 33 ) 20 ) 5 ) 15 ) 3 ) 8 ) 6 ) 1 ) 26 ) 28 ) 35 ) 24 ) 18 ) 29 ) 2 ) 4 ) 13 ) 10 ) 7 ) 16 ) 31 ) 19 ) 34 ) 9 ) 12 ) 14 ) 25 ) 11 ) 36
 ( ( ( ( ( ( ( ( ( ( ( ( ( ( ( ( ( ( ( ( ( ( ( ( ( ( ( ( ( ( ( ( ( ( ( 22 ) 32 ) 26 ) 28 ) 10 ) 7 ) 3 ) 33 ) 5 ) 35 ) 6 ) 15 ) 23 ) 20 ) 1 ) 31 ) 29 ) 17 ) 4 ) 16 ) 30 ) 25 ) 27 ) 11 ) 8 ) 13 ) 18 ) 2 ) 34 ) 24 ) 19 ) 12 ) 21 ) 14 ) 9 ) 36
 ( ( ( ( ( ( ( ( ( ( ( ( ( ( ( ( ( ( ( ( ( ( ( ( ( ( ( ( ( ( ( ( ( ( ( 22 ) 32 ) 23 ) 17 ) 21 ) 30 ) 27 ) 33 ) 20 ) 5 ) 15 ) 3 ) 8 ) 6 ) 28 ) 26 ) 1 ) 35 ) 24 ) 18 ) 29 ) 2 ) 4 ) 13 ) 10 ) 7 ) 16 ) 31 ) 19 ) 34 ) 9 ) 12 ) 14 ) 25 ) 11 ) 36
 ( ( ( ( ( ( ( ( ( ( ( ( ( ( ( ( ( ( ( ( ( ( ( ( ( ( ( ( ( ( ( ( ( ( ( 22 ) 32 ) 23 ) 17 ) 21 ) 30 ) 27 ) 33 ) 20 ) 5 ) 15 ) 3 ) 25 ) 6 ) 28 ) 26 ) 1 ) 35 ) 24 ) 18 ) 29 ) 2 ) 4 ) 13 ) 10 ) 7 ) 16 ) 31 ) 19 ) 34 ) 9 ) 12 ) 14 ) 8 ) 11 ) 36
 ( ( ( ( ( ( ( ( ( ( ( ( ( ( ( ( ( ( ( ( ( ( ( ( ( ( ( ( ( ( ( ( ( ( ( 22 ) 32 ) 23 ) 17 ) 21 ) 30 ) 27 ) 33 ) 20 ) 5 ) 15 ) 3 ) 25 ) 6 ) 28 ) 26 ) 1 ) 35 ) 24 ) 18 ) 29 ) 19 ) 4 ) 13 ) 10 ) 7 ) 16 ) 31 ) 2 ) 34 ) 9 ) 12 ) 14 ) 8 ) 11 ) 36
 ( ( ( ( ( ( ( ( ( ( ( ( ( ( ( ( ( ( ( ( ( ( ( ( ( ( ( ( ( ( ( ( ( ( ( 22 ) 32 ) 23 ) 17 ) 21 ) 30 ) 27 ) 33 ) 20 ) 5 ) 15 ) 26 ) 25 ) 6 ) 28 ) 3 ) 1 ) 35 ) 24 ) 18 ) 29 ) 19 ) 4 ) 13 ) 10 ) 7 ) 16 ) 31 ) 2 ) 34 ) 9 ) 12 ) 14 ) 8 ) 11 ) 36
 ( ( ( ( ( ( ( ( ( ( ( ( ( ( ( ( ( ( ( ( ( ( ( ( ( ( ( ( ( ( ( ( ( ( ( 22 ) 32 ) 23 ) 17 ) 21 ) 30 ) 27 ) 33 ) 20 ) 5 ) 15 ) 26 ) 25 ) 6 ) 28 ) 3 ) 1 ) 35 ) 14 ) 18 ) 29 ) 19 ) 4 ) 13 ) 10 ) 7 ) 16 ) 31 ) 2 ) 34 ) 9 ) 12 ) 24 ) 8 ) 11 ) 36
 ( ( ( ( ( ( ( ( ( ( ( ( ( ( ( ( ( ( ( ( ( ( ( ( ( ( ( ( ( ( ( ( ( ( ( 22 ) 32 ) 25 ) 17 ) 21 ) 30 ) 27 ) 33 ) 20 ) 5 ) 15 ) 26 ) 23 ) 6 ) 28 ) 3 ) 1 ) 35 ) 14 ) 18 ) 29 ) 19 ) 4 ) 13 ) 10 ) 7 ) 16 ) 31 ) 2 ) 34 ) 9 ) 12 ) 24 ) 8 ) 11 ) 36
 ( ( ( ( ( ( ( ( ( ( ( ( ( ( ( ( ( ( ( ( ( ( ( ( ( ( ( ( ( ( ( ( ( ( ( 22 ) 32 ) 33 ) 26 ) 28 ) 10 ) 25 ) 7 ) 35 ) 30 ) 3 ) 6 ) 15 ) 23 ) 1 ) 20 ) 17 ) 5 ) 8 ) 11 ) 18 ) 19 ) 34 ) 29 ) 4 ) 31 ) 24 ) 27 ) 21 ) 12 ) 9 ) 2 ) 16 ) 13 ) 14 ) 36
 ( ( ( ( ( ( ( ( ( ( ( ( ( ( ( ( ( ( ( ( ( ( ( ( ( ( ( ( ( ( ( ( ( ( ( 22 ) 32 ) 33 ) 26 ) 28 ) 10 ) 25 ) 7 ) 35 ) 30 ) 5 ) 6 ) 15 ) 23 ) 1 ) 20 ) 17 ) 3 ) 8 ) 11 ) 18 ) 19 ) 34 ) 29 ) 4 ) 31 ) 24 ) 27 ) 21 ) 12 ) 9 ) 2 ) 16 ) 13 ) 14 ) 36
 ( ( ( ( ( ( ( ( ( ( ( ( ( ( ( ( ( ( ( ( ( ( ( ( ( ( ( ( ( ( ( ( ( ( ( 22 ) 29 ) 32 ) 33 ) 21 ) 20 ) 27 ) 5 ) 6 ) 25 ) 3 ) 1 ) 26 ) 35 ) 8 ) 23 ) 28 ) 15 ) 17 ) 7 ) 19 ) 12 ) 13 ) 11 ) 31 ) 4 ) 10 ) 30 ) 9 ) 18 ) 14 ) 2 ) 24 ) 34 ) 16 ) 36
 ( ( ( ( ( ( ( ( ( ( ( ( ( ( ( ( ( ( ( ( ( ( ( ( ( ( ( ( ( ( ( ( ( ( ( 22 ) 29 ) 32 ) 33 ) 21 ) 20 ) 27 ) 5 ) 6 ) 25 ) 3 ) 1 ) 26 ) 35 ) 8 ) 23 ) 28 ) 15 ) 17 ) 7 ) 19 ) 12 ) 13 ) 11 ) 31 ) 18 ) 10 ) 30 ) 9 ) 4 ) 14 ) 2 ) 24 ) 34 ) 16 ) 36
 ( ( ( ( ( ( ( ( ( ( ( ( ( ( ( ( ( ( ( ( ( ( ( ( ( ( ( ( ( ( ( ( ( ( ( 22 ) 32 ) 26 ) 28 ) 10 ) 7 ) 3 ) 33 ) 5 ) 35 ) 6 ) 15 ) 23 ) 20 ) 1 ) 31 ) 29 ) 17 ) 4 ) 16 ) 30 ) 25 ) 27 ) 11 ) 8 ) 13 ) 18 ) 2 ) 34 ) 19 ) 24 ) 12 ) 21 ) 14 ) 9 ) 36
 ( ( ( ( ( ( ( ( ( ( ( ( ( ( ( ( ( ( ( ( ( ( ( ( ( ( ( ( ( ( ( ( ( ( ( 22 ) 29 ) 32 ) 33 ) 21 ) 20 ) 27 ) 5 ) 6 ) 25 ) 3 ) 1 ) 26 ) 7 ) 8 ) 23 ) 28 ) 15 ) 17 ) 35 ) 19 ) 12 ) 13 ) 11 ) 31 ) 18 ) 10 ) 30 ) 9 ) 4 ) 14 ) 2 ) 24 ) 34 ) 16 ) 36
 ( ( ( ( ( ( ( ( ( ( ( ( ( ( ( ( ( ( ( ( ( ( ( ( ( ( ( ( ( ( ( ( ( ( ( 22 ) 29 ) 32 ) 33 ) 21 ) 20 ) 27 ) 5 ) 6 ) 25 ) 3 ) 1 ) 26 ) 23 ) 8 ) 7 ) 28 ) 15 ) 17 ) 35 ) 19 ) 12 ) 13 ) 11 ) 31 ) 18 ) 10 ) 30 ) 9 ) 4 ) 14 ) 2 ) 24 ) 34 ) 16 ) 36
 ( ( ( ( ( ( ( ( ( ( ( ( ( ( ( ( ( ( ( ( ( ( ( ( ( ( ( ( ( ( ( ( ( ( ( 22 ) 29 ) 32 ) 33 ) 21 ) 20 ) 27 ) 5 ) 6 ) 25 ) 3 ) 1 ) 26 ) 23 ) 8 ) 7 ) 28 ) 15 ) 17 ) 35 ) 19 ) 12 ) 9 ) 11 ) 31 ) 18 ) 10 ) 30 ) 13 ) 4 ) 14 ) 2 ) 24 ) 34 ) 16 ) 36
 ( ( ( ( ( ( ( ( ( ( ( ( ( ( ( ( ( ( ( ( ( ( ( ( ( ( ( ( ( ( ( ( ( ( ( 22 ) 29 ) 32 ) 33 ) 21 ) 20 ) 27 ) 5 ) 6 ) 25 ) 3 ) 1 ) 26 ) 23 ) 30 ) 7 ) 28 ) 15 ) 17 ) 35 ) 19 ) 12 ) 9 ) 11 ) 31 ) 18 ) 10 ) 8 ) 13 ) 4 ) 14 ) 2 ) 24 ) 34 ) 16 ) 36
 ( ( ( ( ( ( ( ( ( ( ( ( ( ( ( ( ( ( ( ( ( ( ( ( ( ( ( ( ( ( ( ( ( ( ( 22 ) 29 ) 32 ) 33 ) 21 ) 20 ) 27 ) 5 ) 6 ) 25 ) 3 ) 1 ) 17 ) 23 ) 30 ) 7 ) 28 ) 15 ) 26 ) 35 ) 19 ) 12 ) 9 ) 11 ) 31 ) 18 ) 10 ) 8 ) 13 ) 4 ) 14 ) 2 ) 24 ) 34 ) 16 ) 36
 ( ( ( ( ( ( ( ( ( ( ( ( ( ( ( ( ( ( ( ( ( ( ( ( ( ( ( ( ( ( ( ( ( ( ( 22 ) 29 ) 32 ) 33 ) 21 ) 20 ) 27 ) 30 ) 6 ) 25 ) 3 ) 1 ) 17 ) 23 ) 5 ) 7 ) 28 ) 15 ) 26 ) 35 ) 19 ) 12 ) 9 ) 11 ) 31 ) 18 ) 10 ) 8 ) 13 ) 4 ) 14 ) 2 ) 24 ) 34 ) 16 ) 36
 ( ( ( ( ( ( ( ( ( ( ( ( ( ( ( ( ( ( ( ( ( ( ( ( ( ( ( ( ( ( ( ( ( ( ( 22 ) 29 ) 32 ) 33 ) 21 ) 20 ) 27 ) 30 ) 6 ) 25 ) 3 ) 1 ) 17 ) 23 ) 5 ) 7 ) 28 ) 15 ) 26 ) 35 ) 19 ) 12 ) 9 ) 11 ) 24 ) 18 ) 10 ) 8 ) 13 ) 4 ) 14 ) 2 ) 31 ) 34 ) 16 ) 36
 ( ( ( ( ( ( ( ( ( ( ( ( ( ( ( ( ( ( ( ( ( ( ( ( ( ( ( ( ( ( ( ( ( ( ( 22 ) 29 ) 32 ) 33 ) 21 ) 20 ) 27 ) 30 ) 6 ) 25 ) 3 ) 1 ) 17 ) 23 ) 5 ) 7 ) 28 ) 15 ) 26 ) 35 ) 19 ) 12 ) 31 ) 11 ) 24 ) 18 ) 10 ) 8 ) 13 ) 4 ) 14 ) 2 ) 9 ) 34 ) 16 ) 36
 ( ( ( ( ( ( ( ( ( ( ( ( ( ( ( ( ( ( ( ( ( ( ( ( ( ( ( ( ( ( ( ( ( ( ( 22 ) 29 ) 32 ) 33 ) 21 ) 20 ) 27 ) 30 ) 6 ) 25 ) 3 ) 1 ) 17 ) 23 ) 5 ) 7 ) 28 ) 26 ) 15 ) 35 ) 19 ) 12 ) 31 ) 11 ) 24 ) 18 ) 10 ) 8 ) 13 ) 4 ) 14 ) 2 ) 9 ) 34 ) 16 ) 36
 ( ( ( ( ( ( ( ( ( ( ( ( ( ( ( ( ( ( ( ( ( ( ( ( ( ( ( ( ( ( ( ( ( ( ( 22 ) 29 ) 32 ) 33 ) 21 ) 20 ) 27 ) 30 ) 6 ) 25 ) 3 ) 1 ) 15 ) 23 ) 5 ) 7 ) 28 ) 26 ) 17 ) 35 ) 19 ) 12 ) 31 ) 11 ) 24 ) 18 ) 10 ) 8 ) 13 ) 4 ) 14 ) 2 ) 9 ) 34 ) 16 ) 36
 ( ( ( ( ( ( ( ( ( ( ( ( ( ( ( ( ( ( ( ( ( ( ( ( ( ( ( ( ( ( ( ( ( ( ( 22 ) 32 ) 26 ) 28 ) 10 ) 7 ) 3 ) 33 ) 5 ) 35 ) 6 ) 15 ) 23 ) 20 ) 1 ) 31 ) 29 ) 17 ) 4 ) 27 ) 30 ) 25 ) 16 ) 11 ) 8 ) 13 ) 18 ) 2 ) 34 ) 19 ) 24 ) 12 ) 21 ) 14 ) 9 ) 36
 ( ( ( ( ( ( ( ( ( ( ( ( ( ( ( ( ( ( ( ( ( ( ( ( ( ( ( ( ( ( ( ( ( ( ( 22 ) 29 ) 32 ) 33 ) 21 ) 20 ) 27 ) 10 ) 6 ) 25 ) 3 ) 1 ) 15 ) 23 ) 5 ) 7 ) 28 ) 26 ) 17 ) 35 ) 19 ) 12 ) 31 ) 11 ) 24 ) 18 ) 30 ) 8 ) 13 ) 4 ) 14 ) 2 ) 9 ) 34 ) 16 ) 36
 ( ( ( ( ( ( ( ( ( ( ( ( ( ( ( ( ( ( ( ( ( ( ( ( ( ( ( ( ( ( ( ( ( ( ( 22 ) 29 ) 32 ) 33 ) 21 ) 20 ) 27 ) 10 ) 6 ) 8 ) 3 ) 1 ) 15 ) 23 ) 5 ) 7 ) 28 ) 26 ) 17 ) 35 ) 19 ) 12 ) 31 ) 11 ) 24 ) 18 ) 30 ) 25 ) 13 ) 4 ) 14 ) 2 ) 9 ) 34 ) 16 ) 36
 ( ( ( ( ( ( ( ( ( ( ( ( ( ( ( ( ( ( ( ( ( ( ( ( ( ( ( ( ( ( ( ( ( ( ( 22 ) 29 ) 32 ) 33 ) 21 ) 27 ) 20 ) 10 ) 6 ) 8 ) 3 ) 1 ) 15 ) 23 ) 5 ) 7 ) 28 ) 26 ) 17 ) 35 ) 19 ) 12 ) 31 ) 11 ) 24 ) 18 ) 30 ) 25 ) 13 ) 4 ) 14 ) 2 ) 9 ) 34 ) 16 ) 36
 ( ( ( ( ( ( ( ( ( ( ( ( ( ( ( ( ( ( ( ( ( ( ( ( ( ( ( ( ( ( ( ( ( ( ( 22 ) 29 ) 32 ) 33 ) 21 ) 27 ) 20 ) 15 ) 6 ) 8 ) 3 ) 1 ) 10 ) 23 ) 5 ) 7 ) 28 ) 26 ) 17 ) 35 ) 19 ) 12 ) 31 ) 11 ) 24 ) 18 ) 30 ) 25 ) 13 ) 4 ) 14 ) 2 ) 9 ) 34 ) 16 ) 36
 ( ( ( ( ( ( ( ( ( ( ( ( ( ( ( ( ( ( ( ( ( ( ( ( ( ( ( ( ( ( ( ( ( ( ( 22 ) 29 ) 32 ) 33 ) 21 ) 27 ) 20 ) 15 ) 6 ) 8 ) 3 ) 1 ) 10 ) 23 ) 5 ) 7 ) 28 ) 26 ) 17 ) 35 ) 19 ) 12 ) 31 ) 11 ) 18 ) 24 ) 30 ) 25 ) 13 ) 4 ) 14 ) 2 ) 9 ) 34 ) 16 ) 36
 ( ( ( ( ( ( ( ( ( ( ( ( ( ( ( ( ( ( ( ( ( ( ( ( ( ( ( ( ( ( ( ( ( ( ( 22 ) 29 ) 32 ) 33 ) 21 ) 27 ) 20 ) 15 ) 6 ) 8 ) 3 ) 1 ) 10 ) 23 ) 5 ) 7 ) 28 ) 17 ) 26 ) 35 ) 19 ) 12 ) 31 ) 11 ) 18 ) 24 ) 30 ) 25 ) 13 ) 4 ) 14 ) 2 ) 9 ) 34 ) 16 ) 36
 ( ( ( ( ( ( ( ( ( ( ( ( ( ( ( ( ( ( ( ( ( ( ( ( ( ( ( ( ( ( ( ( ( ( ( 22 ) 29 ) 32 ) 33 ) 21 ) 27 ) 20 ) 15 ) 6 ) 8 ) 3 ) 1 ) 10 ) 23 ) 5 ) 7 ) 28 ) 17 ) 35 ) 26 ) 19 ) 12 ) 31 ) 11 ) 18 ) 24 ) 30 ) 25 ) 13 ) 4 ) 14 ) 2 ) 9 ) 34 ) 16 ) 36
 ( ( ( ( ( ( ( ( ( ( ( ( ( ( ( ( ( ( ( ( ( ( ( ( ( ( ( ( ( ( ( ( ( ( ( 22 ) 29 ) 32 ) 33 ) 21 ) 27 ) 20 ) 15 ) 6 ) 8 ) 5 ) 1 ) 10 ) 23 ) 3 ) 7 ) 28 ) 17 ) 35 ) 26 ) 19 ) 12 ) 31 ) 11 ) 18 ) 24 ) 30 ) 25 ) 13 ) 4 ) 14 ) 2 ) 9 ) 34 ) 16 ) 36
 ( ( ( ( ( ( ( ( ( ( ( ( ( ( ( ( ( ( ( ( ( ( ( ( ( ( ( ( ( ( ( ( ( ( ( 22 ) 29 ) 32 ) 33 ) 21 ) 27 ) 20 ) 15 ) 6 ) 8 ) 5 ) 1 ) 10 ) 23 ) 3 ) 7 ) 28 ) 17 ) 35 ) 26 ) 19 ) 12 ) 25 ) 11 ) 18 ) 24 ) 30 ) 31 ) 13 ) 4 ) 14 ) 2 ) 9 ) 34 ) 16 ) 36
 ( ( ( ( ( ( ( ( ( ( ( ( ( ( ( ( ( ( ( ( ( ( ( ( ( ( ( ( ( ( ( ( ( ( ( 22 ) 29 ) 32 ) 33 ) 21 ) 27 ) 20 ) 15 ) 6 ) 8 ) 5 ) 1 ) 10 ) 23 ) 3 ) 7 ) 28 ) 17 ) 35 ) 26 ) 19 ) 12 ) 25 ) 11 ) 18 ) 24 ) 30 ) 31 ) 13 ) 4 ) 16 ) 2 ) 9 ) 34 ) 14 ) 36
 ( ( ( ( ( ( ( ( ( ( ( ( ( ( ( ( ( ( ( ( ( ( ( ( ( ( ( ( ( ( ( ( ( ( ( 22 ) 32 ) 26 ) 28 ) 10 ) 7 ) 3 ) 33 ) 5 ) 35 ) 6 ) 15 ) 23 ) 20 ) 1 ) 31 ) 29 ) 17 ) 4 ) 27 ) 30 ) 25 ) 16 ) 11 ) 8 ) 13 ) 18 ) 2 ) 34 ) 19 ) 24 ) 21 ) 12 ) 14 ) 9 ) 36
 ( ( ( ( ( ( ( ( ( ( ( ( ( ( ( ( ( ( ( ( ( ( ( ( ( ( ( ( ( ( ( ( ( ( ( 22 ) 29 ) 32 ) 33 ) 21 ) 27 ) 20 ) 15 ) 6 ) 8 ) 5 ) 1 ) 10 ) 23 ) 3 ) 7 ) 28 ) 17 ) 35 ) 26 ) 19 ) 12 ) 25 ) 11 ) 18 ) 24 ) 30 ) 31 ) 16 ) 4 ) 13 ) 2 ) 9 ) 34 ) 14 ) 36
 ( ( ( ( ( ( ( ( ( ( ( ( ( ( ( ( ( ( ( ( ( ( ( ( ( ( ( ( ( ( ( ( ( ( ( 22 ) 29 ) 32 ) 33 ) 21 ) 27 ) 20 ) 15 ) 6 ) 8 ) 5 ) 7 ) 10 ) 23 ) 3 ) 1 ) 28 ) 17 ) 35 ) 26 ) 19 ) 12 ) 25 ) 11 ) 18 ) 24 ) 30 ) 31 ) 16 ) 4 ) 13 ) 2 ) 9 ) 34 ) 14 ) 36
 ( ( ( ( ( ( ( ( ( ( ( ( ( ( ( ( ( ( ( ( ( ( ( ( ( ( ( ( ( ( ( ( ( ( ( 22 ) 29 ) 32 ) 33 ) 21 ) 27 ) 20 ) 15 ) 6 ) 17 ) 5 ) 7 ) 10 ) 23 ) 3 ) 1 ) 28 ) 8 ) 35 ) 26 ) 19 ) 12 ) 25 ) 11 ) 18 ) 24 ) 30 ) 31 ) 16 ) 4 ) 13 ) 2 ) 9 ) 34 ) 14 ) 36
 ( ( ( ( ( ( ( ( ( ( ( ( ( ( ( ( ( ( ( ( ( ( ( ( ( ( ( ( ( ( ( ( ( ( ( 22 ) 29 ) 32 ) 20 ) 21 ) 27 ) 33 ) 15 ) 6 ) 17 ) 5 ) 7 ) 10 ) 23 ) 3 ) 1 ) 28 ) 8 ) 35 ) 26 ) 19 ) 12 ) 25 ) 11 ) 18 ) 24 ) 30 ) 31 ) 16 ) 4 ) 13 ) 2 ) 9 ) 34 ) 14 ) 36
 ( ( ( ( ( ( ( ( ( ( ( ( ( ( ( ( ( ( ( ( ( ( ( ( ( ( ( ( ( ( ( ( ( ( ( 22 ) 29 ) 32 ) 20 ) 21 ) 27 ) 33 ) 15 ) 6 ) 17 ) 5 ) 7 ) 10 ) 23 ) 3 ) 1 ) 28 ) 8 ) 35 ) 26 ) 19 ) 4 ) 25 ) 11 ) 18 ) 24 ) 30 ) 31 ) 16 ) 12 ) 13 ) 2 ) 9 ) 34 ) 14 ) 36
 ( ( ( ( ( ( ( ( ( ( ( ( ( ( ( ( ( ( ( ( ( ( ( ( ( ( ( ( ( ( ( ( ( ( ( 22 ) 29 ) 32 ) 20 ) 21 ) 27 ) 33 ) 15 ) 6 ) 17 ) 5 ) 7 ) 10 ) 23 ) 3 ) 1 ) 28 ) 8 ) 35 ) 26 ) 19 ) 11 ) 25 ) 4 ) 18 ) 24 ) 30 ) 31 ) 16 ) 12 ) 13 ) 2 ) 9 ) 34 ) 14 ) 36
 ( ( ( ( ( ( ( ( ( ( ( ( ( ( ( ( ( ( ( ( ( ( ( ( ( ( ( ( ( ( ( ( ( ( ( 22 ) 29 ) 32 ) 20 ) 21 ) 27 ) 33 ) 15 ) 6 ) 17 ) 5 ) 7 ) 10 ) 23 ) 3 ) 1 ) 28 ) 8 ) 35 ) 26 ) 19 ) 11 ) 25 ) 18 ) 4 ) 24 ) 30 ) 31 ) 16 ) 12 ) 13 ) 2 ) 9 ) 34 ) 14 ) 36
 ( ( ( ( ( ( ( ( ( ( ( ( ( ( ( ( ( ( ( ( ( ( ( ( ( ( ( ( ( ( ( ( ( ( ( 22 ) 29 ) 32 ) 20 ) 21 ) 27 ) 33 ) 15 ) 6 ) 17 ) 5 ) 7 ) 10 ) 23 ) 3 ) 1 ) 28 ) 8 ) 35 ) 26 ) 19 ) 11 ) 25 ) 18 ) 4 ) 24 ) 30 ) 12 ) 16 ) 31 ) 13 ) 2 ) 9 ) 34 ) 14 ) 36
 ( ( ( ( ( ( ( ( ( ( ( ( ( ( ( ( ( ( ( ( ( ( ( ( ( ( ( ( ( ( ( ( ( ( ( 22 ) 29 ) 32 ) 20 ) 21 ) 27 ) 33 ) 15 ) 6 ) 25 ) 5 ) 7 ) 10 ) 23 ) 3 ) 1 ) 28 ) 8 ) 35 ) 26 ) 19 ) 11 ) 17 ) 18 ) 4 ) 24 ) 30 ) 12 ) 16 ) 31 ) 13 ) 2 ) 9 ) 34 ) 14 ) 36
 ( ( ( ( ( ( ( ( ( ( ( ( ( ( ( ( ( ( ( ( ( ( ( ( ( ( ( ( ( ( ( ( ( ( ( 22 ) 29 ) 32 ) 20 ) 21 ) 27 ) 33 ) 15 ) 6 ) 25 ) 5 ) 7 ) 10 ) 23 ) 3 ) 1 ) 28 ) 8 ) 35 ) 26 ) 19 ) 11 ) 17 ) 18 ) 4 ) 24 ) 13 ) 12 ) 16 ) 31 ) 30 ) 2 ) 9 ) 34 ) 14 ) 36
 ( ( ( ( ( ( ( ( ( ( ( ( ( ( ( ( ( ( ( ( ( ( ( ( ( ( ( ( ( ( ( ( ( ( ( 22 ) 32 ) 26 ) 28 ) 10 ) 7 ) 3 ) 33 ) 5 ) 35 ) 6 ) 15 ) 23 ) 20 ) 1 ) 31 ) 29 ) 8 ) 4 ) 27 ) 30 ) 25 ) 16 ) 11 ) 17 ) 13 ) 18 ) 2 ) 34 ) 19 ) 24 ) 21 ) 12 ) 14 ) 9 ) 36
 ( ( ( ( ( ( ( ( ( ( ( ( ( ( ( ( ( ( ( ( ( ( ( ( ( ( ( ( ( ( ( ( ( ( ( 22 ) 29 ) 32 ) 20 ) 21 ) 27 ) 33 ) 15 ) 6 ) 25 ) 5 ) 7 ) 10 ) 23 ) 3 ) 1 ) 28 ) 8 ) 35 ) 26 ) 19 ) 11 ) 17 ) 14 ) 4 ) 24 ) 13 ) 12 ) 16 ) 31 ) 30 ) 2 ) 9 ) 34 ) 18 ) 36
 ( ( ( ( ( ( ( ( ( ( ( ( ( ( ( ( ( ( ( ( ( ( ( ( ( ( ( ( ( ( ( ( ( ( ( 22 ) 29 ) 32 ) 20 ) 21 ) 27 ) 33 ) 15 ) 6 ) 25 ) 5 ) 7 ) 10 ) 1 ) 3 ) 23 ) 28 ) 8 ) 35 ) 26 ) 19 ) 11 ) 17 ) 14 ) 4 ) 24 ) 13 ) 12 ) 16 ) 31 ) 30 ) 2 ) 9 ) 34 ) 18 ) 36
 ( ( ( ( ( ( ( ( ( ( ( ( ( ( ( ( ( ( ( ( ( ( ( ( ( ( ( ( ( ( ( ( ( ( ( 22 ) 29 ) 32 ) 20 ) 21 ) 27 ) 33 ) 15 ) 6 ) 25 ) 5 ) 7 ) 35 ) 1 ) 3 ) 23 ) 28 ) 8 ) 10 ) 26 ) 19 ) 11 ) 17 ) 14 ) 4 ) 24 ) 13 ) 12 ) 16 ) 31 ) 30 ) 2 ) 9 ) 34 ) 18 ) 36
 ( ( ( ( ( ( ( ( ( ( ( ( ( ( ( ( ( ( ( ( ( ( ( ( ( ( ( ( ( ( ( ( ( ( ( 22 ) 29 ) 32 ) 20 ) 21 ) 27 ) 33 ) 15 ) 6 ) 25 ) 5 ) 7 ) 35 ) 1 ) 3 ) 23 ) 28 ) 8 ) 10 ) 26 ) 19 ) 11 ) 17 ) 14 ) 4 ) 24 ) 18 ) 12 ) 16 ) 31 ) 30 ) 2 ) 9 ) 34 ) 13 ) 36
 ( ( ( ( ( ( ( ( ( ( ( ( ( ( ( ( ( ( ( ( ( ( ( ( ( ( ( ( ( ( ( ( ( ( ( 22 ) 29 ) 32 ) 20 ) 21 ) 27 ) 33 ) 15 ) 6 ) 25 ) 5 ) 7 ) 35 ) 1 ) 3 ) 23 ) 28 ) 8 ) 30 ) 26 ) 19 ) 11 ) 17 ) 14 ) 4 ) 24 ) 18 ) 12 ) 16 ) 31 ) 10 ) 2 ) 9 ) 34 ) 13 ) 36
 ( ( ( ( ( ( ( ( ( ( ( ( ( ( ( ( ( ( ( ( ( ( ( ( ( ( ( ( ( ( ( ( ( ( ( 22 ) 29 ) 32 ) 20 ) 21 ) 27 ) 33 ) 15 ) 6 ) 25 ) 5 ) 7 ) 35 ) 1 ) 3 ) 23 ) 28 ) 8 ) 30 ) 26 ) 19 ) 11 ) 17 ) 14 ) 10 ) 24 ) 18 ) 12 ) 16 ) 31 ) 4 ) 2 ) 9 ) 34 ) 13 ) 36
 ( ( ( ( ( ( ( ( ( ( ( ( ( ( ( ( ( ( ( ( ( ( ( ( ( ( ( ( ( ( ( ( ( ( ( 22 ) 29 ) 32 ) 20 ) 21 ) 27 ) 33 ) 15 ) 6 ) 25 ) 5 ) 7 ) 35 ) 1 ) 3 ) 23 ) 28 ) 8 ) 30 ) 26 ) 19 ) 11 ) 17 ) 14 ) 10 ) 24 ) 2 ) 12 ) 16 ) 31 ) 4 ) 18 ) 9 ) 34 ) 13 ) 36
 ( ( ( ( ( ( ( ( ( ( ( ( ( ( ( ( ( ( ( ( ( ( ( ( ( ( ( ( ( ( ( ( ( ( ( 22 ) 29 ) 32 ) 20 ) 21 ) 27 ) 33 ) 15 ) 6 ) 25 ) 5 ) 7 ) 35 ) 1 ) 3 ) 23 ) 28 ) 8 ) 30 ) 26 ) 19 ) 11 ) 17 ) 14 ) 10 ) 24 ) 2 ) 12 ) 16 ) 31 ) 13 ) 18 ) 9 ) 34 ) 4 ) 36
 ( ( ( ( ( ( ( ( ( ( ( ( ( ( ( ( ( ( ( ( ( ( ( ( ( ( ( ( ( ( ( ( ( ( ( 22 ) 29 ) 32 ) 20 ) 21 ) 27 ) 33 ) 15 ) 6 ) 25 ) 5 ) 7 ) 1 ) 35 ) 3 ) 23 ) 28 ) 8 ) 30 ) 26 ) 19 ) 11 ) 17 ) 14 ) 10 ) 24 ) 2 ) 12 ) 16 ) 31 ) 13 ) 18 ) 9 ) 34 ) 4 ) 36
 ( ( ( ( ( ( ( ( ( ( ( ( ( ( ( ( ( ( ( ( ( ( ( ( ( ( ( ( ( ( ( ( ( ( ( 22 ) 29 ) 32 ) 20 ) 21 ) 27 ) 33 ) 15 ) 6 ) 25 ) 5 ) 7 ) 1 ) 35 ) 3 ) 23 ) 28 ) 8 ) 30 ) 26 ) 19 ) 31 ) 17 ) 14 ) 10 ) 24 ) 2 ) 12 ) 16 ) 11 ) 13 ) 18 ) 9 ) 34 ) 4 ) 36
 ( ( ( ( ( ( ( ( ( ( ( ( ( ( ( ( ( ( ( ( ( ( ( ( ( ( ( ( ( ( ( ( ( ( ( 22 ) 32 ) 26 ) 28 ) 10 ) 7 ) 3 ) 33 ) 5 ) 35 ) 6 ) 15 ) 23 ) 20 ) 1 ) 31 ) 29 ) 8 ) 4 ) 27 ) 30 ) 25 ) 16 ) 2 ) 17 ) 13 ) 18 ) 11 ) 34 ) 19 ) 24 ) 21 ) 12 ) 14 ) 9 ) 36
 ( ( ( ( ( ( ( ( ( ( ( ( ( ( ( ( ( ( ( ( ( ( ( ( ( ( ( ( ( ( ( ( ( ( ( 22 ) 29 ) 32 ) 20 ) 21 ) 27 ) 33 ) 15 ) 6 ) 25 ) 5 ) 7 ) 1 ) 35 ) 3 ) 23 ) 28 ) 8 ) 30 ) 26 ) 19 ) 11 ) 17 ) 14 ) 10 ) 12 ) 2 ) 24 ) 16 ) 31 ) 13 ) 18 ) 9 ) 34 ) 4 ) 36
 ( ( ( ( ( ( ( ( ( ( ( ( ( ( ( ( ( ( ( ( ( ( ( ( ( ( ( ( ( ( ( ( ( ( ( 22 ) 29 ) 32 ) 20 ) 21 ) 27 ) 33 ) 15 ) 6 ) 25 ) 5 ) 7 ) 1 ) 35 ) 3 ) 23 ) 28 ) 8 ) 30 ) 26 ) 19 ) 11 ) 17 ) 13 ) 10 ) 12 ) 2 ) 24 ) 16 ) 31 ) 14 ) 18 ) 9 ) 34 ) 4 ) 36
 ( ( ( ( ( ( ( ( ( ( ( ( ( ( ( ( ( ( ( ( ( ( ( ( ( ( ( ( ( ( ( ( ( ( ( 22 ) 29 ) 32 ) 20 ) 17 ) 27 ) 33 ) 15 ) 6 ) 25 ) 5 ) 7 ) 1 ) 35 ) 3 ) 23 ) 28 ) 8 ) 30 ) 26 ) 19 ) 11 ) 21 ) 13 ) 10 ) 12 ) 2 ) 24 ) 16 ) 31 ) 14 ) 18 ) 9 ) 34 ) 4 ) 36
 ( ( ( ( ( ( ( ( ( ( ( ( ( ( ( ( ( ( ( ( ( ( ( ( ( ( ( ( ( ( ( ( ( ( ( 22 ) 29 ) 32 ) 20 ) 17 ) 27 ) 33 ) 15 ) 6 ) 25 ) 5 ) 7 ) 1 ) 35 ) 3 ) 23 ) 28 ) 8 ) 30 ) 26 ) 9 ) 11 ) 21 ) 13 ) 10 ) 12 ) 2 ) 24 ) 16 ) 31 ) 14 ) 18 ) 19 ) 34 ) 4 ) 36
 ( ( ( ( ( ( ( ( ( ( ( ( ( ( ( ( ( ( ( ( ( ( ( ( ( ( ( ( ( ( ( ( ( ( ( 22 ) 29 ) 32 ) 20 ) 17 ) 27 ) 33 ) 15 ) 6 ) 25 ) 5 ) 7 ) 1 ) 35 ) 3 ) 26 ) 28 ) 8 ) 30 ) 23 ) 9 ) 11 ) 21 ) 13 ) 10 ) 12 ) 2 ) 24 ) 16 ) 31 ) 14 ) 18 ) 19 ) 34 ) 4 ) 36
 ( ( ( ( ( ( ( ( ( ( ( ( ( ( ( ( ( ( ( ( ( ( ( ( ( ( ( ( ( ( ( ( ( ( ( 22 ) 29 ) 32 ) 20 ) 17 ) 27 ) 33 ) 15 ) 6 ) 25 ) 5 ) 26 ) 1 ) 35 ) 3 ) 7 ) 28 ) 8 ) 30 ) 23 ) 9 ) 11 ) 21 ) 13 ) 10 ) 12 ) 2 ) 24 ) 16 ) 31 ) 14 ) 18 ) 19 ) 34 ) 4 ) 36
 ( ( ( ( ( ( ( ( ( ( ( ( ( ( ( ( ( ( ( ( ( ( ( ( ( ( ( ( ( ( ( ( ( ( ( 22 ) 29 ) 32 ) 20 ) 17 ) 27 ) 33 ) 15 ) 3 ) 25 ) 5 ) 26 ) 1 ) 35 ) 6 ) 7 ) 28 ) 8 ) 30 ) 23 ) 9 ) 11 ) 21 ) 13 ) 10 ) 12 ) 2 ) 24 ) 16 ) 31 ) 14 ) 18 ) 19 ) 34 ) 4 ) 36
 ( ( ( ( ( ( ( ( ( ( ( ( ( ( ( ( ( ( ( ( ( ( ( ( ( ( ( ( ( ( ( ( ( ( ( 22 ) 29 ) 32 ) 20 ) 17 ) 27 ) 33 ) 15 ) 3 ) 25 ) 5 ) 26 ) 1 ) 35 ) 6 ) 7 ) 28 ) 8 ) 30 ) 23 ) 9 ) 2 ) 21 ) 13 ) 10 ) 12 ) 11 ) 24 ) 16 ) 31 ) 14 ) 18 ) 19 ) 34 ) 4 ) 36
 ( ( ( ( ( ( ( ( ( ( ( ( ( ( ( ( ( ( ( ( ( ( ( ( ( ( ( ( ( ( ( ( ( ( ( 22 ) 29 ) 32 ) 20 ) 17 ) 27 ) 33 ) 15 ) 3 ) 25 ) 5 ) 26 ) 1 ) 35 ) 6 ) 7 ) 28 ) 8 ) 30 ) 23 ) 13 ) 2 ) 21 ) 9 ) 10 ) 12 ) 11 ) 24 ) 16 ) 31 ) 14 ) 18 ) 19 ) 34 ) 4 ) 36
 ( ( ( ( ( ( ( ( ( ( ( ( ( ( ( ( ( ( ( ( ( ( ( ( ( ( ( ( ( ( ( ( ( ( ( 22 ) 29 ) 32 ) 20 ) 17 ) 27 ) 33 ) 15 ) 3 ) 25 ) 5 ) 26 ) 1 ) 35 ) 6 ) 7 ) 28 ) 8 ) 30 ) 23 ) 13 ) 2 ) 21 ) 9 ) 10 ) 12 ) 11 ) 19 ) 16 ) 31 ) 14 ) 18 ) 24 ) 34 ) 4 ) 36
 ( ( ( ( ( ( ( ( ( ( ( ( ( ( ( ( ( ( ( ( ( ( ( ( ( ( ( ( ( ( ( ( ( ( ( 22 ) 32 ) 26 ) 28 ) 10 ) 7 ) 3 ) 33 ) 5 ) 35 ) 6 ) 15 ) 23 ) 20 ) 1 ) 31 ) 29 ) 8 ) 4 ) 27 ) 18 ) 25 ) 16 ) 2 ) 17 ) 13 ) 30 ) 11 ) 34 ) 19 ) 24 ) 21 ) 12 ) 14 ) 9 ) 36
 ( ( ( ( ( ( ( ( ( ( ( ( ( ( ( ( ( ( ( ( ( ( ( ( ( ( ( ( ( ( ( ( ( ( ( 22 ) 29 ) 32 ) 20 ) 17 ) 27 ) 33 ) 15 ) 3 ) 25 ) 5 ) 26 ) 1 ) 35 ) 6 ) 7 ) 28 ) 8 ) 30 ) 23 ) 13 ) 2 ) 21 ) 9 ) 10 ) 31 ) 11 ) 19 ) 16 ) 12 ) 14 ) 18 ) 24 ) 34 ) 4 ) 36
 ( ( ( ( ( ( ( ( ( ( ( ( ( ( ( ( ( ( ( ( ( ( ( ( ( ( ( ( ( ( ( ( ( ( ( 22 ) 29 ) 32 ) 20 ) 17 ) 27 ) 33 ) 15 ) 3 ) 25 ) 5 ) 26 ) 1 ) 35 ) 6 ) 7 ) 28 ) 8 ) 30 ) 23 ) 13 ) 2 ) 21 ) 9 ) 18 ) 31 ) 11 ) 19 ) 16 ) 12 ) 14 ) 10 ) 24 ) 34 ) 4 ) 36
 ( ( ( ( ( ( ( ( ( ( ( ( ( ( ( ( ( ( ( ( ( ( ( ( ( ( ( ( ( ( ( ( ( ( ( 22 ) 29 ) 32 ) 20 ) 17 ) 27 ) 33 ) 15 ) 3 ) 25 ) 5 ) 26 ) 1 ) 30 ) 6 ) 7 ) 28 ) 8 ) 35 ) 23 ) 13 ) 2 ) 21 ) 9 ) 18 ) 31 ) 11 ) 19 ) 16 ) 12 ) 14 ) 10 ) 24 ) 34 ) 4 ) 36
 ( ( ( ( ( ( ( ( ( ( ( ( ( ( ( ( ( ( ( ( ( ( ( ( ( ( ( ( ( ( ( ( ( ( ( 22 ) 29 ) 32 ) 20 ) 17 ) 27 ) 33 ) 15 ) 3 ) 25 ) 23 ) 26 ) 1 ) 30 ) 6 ) 7 ) 28 ) 8 ) 35 ) 5 ) 13 ) 2 ) 21 ) 9 ) 18 ) 31 ) 11 ) 19 ) 16 ) 12 ) 14 ) 10 ) 24 ) 34 ) 4 ) 36
 ( ( ( ( ( ( ( ( ( ( ( ( ( ( ( ( ( ( ( ( ( ( ( ( ( ( ( ( ( ( ( ( ( ( ( 22 ) 29 ) 32 ) 20 ) 17 ) 27 ) 33 ) 15 ) 3 ) 25 ) 23 ) 26 ) 1 ) 30 ) 6 ) 7 ) 28 ) 8 ) 35 ) 5 ) 13 ) 2 ) 16 ) 9 ) 18 ) 31 ) 11 ) 19 ) 21 ) 12 ) 14 ) 10 ) 24 ) 34 ) 4 ) 36
 ( ( ( ( ( ( ( ( ( ( ( ( ( ( ( ( ( ( ( ( ( ( ( ( ( ( ( ( ( ( ( ( ( ( ( 22 ) 29 ) 32 ) 20 ) 17 ) 27 ) 33 ) 15 ) 3 ) 25 ) 23 ) 26 ) 1 ) 30 ) 6 ) 7 ) 28 ) 8 ) 35 ) 5 ) 34 ) 2 ) 16 ) 9 ) 18 ) 31 ) 11 ) 19 ) 21 ) 12 ) 14 ) 10 ) 24 ) 13 ) 4 ) 36
 ( ( ( ( ( ( ( ( ( ( ( ( ( ( ( ( ( ( ( ( ( ( ( ( ( ( ( ( ( ( ( ( ( ( ( 22 ) 29 ) 32 ) 20 ) 17 ) 27 ) 33 ) 15 ) 3 ) 25 ) 23 ) 26 ) 1 ) 30 ) 6 ) 7 ) 28 ) 8 ) 35 ) 5 ) 2 ) 34 ) 16 ) 9 ) 18 ) 31 ) 11 ) 19 ) 21 ) 12 ) 14 ) 10 ) 24 ) 13 ) 4 ) 36
 ( ( ( ( ( ( ( ( ( ( ( ( ( ( ( ( ( ( ( ( ( ( ( ( ( ( ( ( ( ( ( ( ( ( ( 22 ) 29 ) 32 ) 20 ) 21 ) 27 ) 33 ) 15 ) 3 ) 25 ) 23 ) 26 ) 1 ) 30 ) 6 ) 7 ) 28 ) 8 ) 35 ) 5 ) 2 ) 34 ) 16 ) 9 ) 18 ) 31 ) 11 ) 19 ) 17 ) 12 ) 14 ) 10 ) 24 ) 13 ) 4 ) 36
 ( ( ( ( ( ( ( ( ( ( ( ( ( ( ( ( ( ( ( ( ( ( ( ( ( ( ( ( ( ( ( ( ( ( ( 22 ) 29 ) 32 ) 20 ) 21 ) 27 ) 33 ) 15 ) 7 ) 25 ) 23 ) 26 ) 1 ) 30 ) 6 ) 3 ) 28 ) 8 ) 35 ) 5 ) 2 ) 34 ) 16 ) 9 ) 18 ) 31 ) 11 ) 19 ) 17 ) 12 ) 14 ) 10 ) 24 ) 13 ) 4 ) 36
 ( ( ( ( ( ( ( ( ( ( ( ( ( ( ( ( ( ( ( ( ( ( ( ( ( ( ( ( ( ( ( ( ( ( ( 22 ) 29 ) 32 ) 20 ) 21 ) 27 ) 33 ) 15 ) 7 ) 25 ) 23 ) 26 ) 1 ) 30 ) 35 ) 3 ) 28 ) 8 ) 6 ) 5 ) 2 ) 34 ) 16 ) 9 ) 18 ) 31 ) 11 ) 19 ) 17 ) 12 ) 14 ) 10 ) 24 ) 13 ) 4 ) 36
 ( ( ( ( ( ( ( ( ( ( ( ( ( ( ( ( ( ( ( ( ( ( ( ( ( ( ( ( ( ( ( ( ( ( ( 22 ) 32 ) 26 ) 28 ) 10 ) 7 ) 3 ) 33 ) 5 ) 35 ) 6 ) 15 ) 23 ) 20 ) 1 ) 31 ) 29 ) 8 ) 4 ) 27 ) 12 ) 25 ) 16 ) 2 ) 17 ) 13 ) 30 ) 11 ) 34 ) 19 ) 24 ) 21 ) 18 ) 14 ) 9 ) 36
 ( ( ( ( ( ( ( ( ( ( ( ( ( ( ( ( ( ( ( ( ( ( ( ( ( ( ( ( ( ( ( ( ( ( ( 22 ) 29 ) 32 ) 20 ) 21 ) 27 ) 33 ) 15 ) 7 ) 25 ) 23 ) 26 ) 1 ) 30 ) 35 ) 3 ) 28 ) 8 ) 6 ) 5 ) 2 ) 34 ) 16 ) 9 ) 18 ) 31 ) 11 ) 19 ) 4 ) 12 ) 14 ) 10 ) 24 ) 13 ) 17 ) 36
 ( ( ( ( ( ( ( ( ( ( ( ( ( ( ( ( ( ( ( ( ( ( ( ( ( ( ( ( ( ( ( ( ( ( ( 22 ) 29 ) 32 ) 20 ) 21 ) 27 ) 33 ) 15 ) 7 ) 25 ) 23 ) 26 ) 1 ) 30 ) 35 ) 3 ) 28 ) 8 ) 6 ) 5 ) 18 ) 34 ) 16 ) 9 ) 2 ) 31 ) 11 ) 19 ) 4 ) 12 ) 14 ) 10 ) 24 ) 13 ) 17 ) 36
 ( ( ( ( ( ( ( ( ( ( ( ( ( ( ( ( ( ( ( ( ( ( ( ( ( ( ( ( ( ( ( ( ( ( ( 22 ) 29 ) 32 ) 20 ) 8 ) 27 ) 33 ) 15 ) 7 ) 25 ) 23 ) 26 ) 1 ) 30 ) 35 ) 3 ) 28 ) 21 ) 6 ) 5 ) 18 ) 34 ) 16 ) 9 ) 2 ) 31 ) 11 ) 19 ) 4 ) 12 ) 14 ) 10 ) 24 ) 13 ) 17 ) 36
 ( ( ( ( ( ( ( ( ( ( ( ( ( ( ( ( ( ( ( ( ( ( ( ( ( ( ( ( ( ( ( ( ( ( ( 22 ) 29 ) 32 ) 20 ) 8 ) 27 ) 33 ) 15 ) 7 ) 25 ) 23 ) 26 ) 1 ) 30 ) 35 ) 3 ) 28 ) 21 ) 6 ) 5 ) 18 ) 34 ) 16 ) 9 ) 2 ) 31 ) 11 ) 19 ) 10 ) 12 ) 14 ) 4 ) 24 ) 13 ) 17 ) 36
 ( ( ( ( ( ( ( ( ( ( ( ( ( ( ( ( ( ( ( ( ( ( ( ( ( ( ( ( ( ( ( ( ( ( ( 22 ) 29 ) 32 ) 20 ) 8 ) 27 ) 33 ) 15 ) 30 ) 25 ) 23 ) 26 ) 1 ) 7 ) 35 ) 3 ) 28 ) 21 ) 6 ) 5 ) 18 ) 34 ) 16 ) 9 ) 2 ) 31 ) 11 ) 19 ) 10 ) 12 ) 14 ) 4 ) 24 ) 13 ) 17 ) 36
 ( ( ( ( ( ( ( ( ( ( ( ( ( ( ( ( ( ( ( ( ( ( ( ( ( ( ( ( ( ( ( ( ( ( ( 22 ) 29 ) 32 ) 20 ) 8 ) 27 ) 33 ) 15 ) 3 ) 25 ) 23 ) 26 ) 1 ) 7 ) 35 ) 30 ) 28 ) 21 ) 6 ) 5 ) 18 ) 34 ) 16 ) 9 ) 2 ) 31 ) 11 ) 19 ) 10 ) 12 ) 14 ) 4 ) 24 ) 13 ) 17 ) 36
 ( ( ( ( ( ( ( ( ( ( ( ( ( ( ( ( ( ( ( ( ( ( ( ( ( ( ( ( ( ( ( ( ( ( ( 22 ) 29 ) 32 ) 20 ) 8 ) 27 ) 33 ) 15 ) 3 ) 25 ) 23 ) 26 ) 1 ) 7 ) 35 ) 30 ) 28 ) 21 ) 6 ) 5 ) 18 ) 34 ) 16 ) 9 ) 2 ) 31 ) 11 ) 19 ) 10 ) 12 ) 14 ) 4 ) 24 ) 17 ) 13 ) 36
 ( ( ( ( ( ( ( ( ( ( ( ( ( ( ( ( ( ( ( ( ( ( ( ( ( ( ( ( ( ( ( ( ( ( ( 22 ) 29 ) 32 ) 20 ) 8 ) 27 ) 33 ) 15 ) 3 ) 25 ) 23 ) 26 ) 1 ) 21 ) 35 ) 30 ) 28 ) 7 ) 6 ) 5 ) 18 ) 34 ) 16 ) 9 ) 2 ) 31 ) 11 ) 19 ) 10 ) 12 ) 14 ) 4 ) 24 ) 17 ) 13 ) 36
 ( ( ( ( ( ( ( ( ( ( ( ( ( ( ( ( ( ( ( ( ( ( ( ( ( ( ( ( ( ( ( ( ( ( ( 22 ) 29 ) 32 ) 20 ) 8 ) 27 ) 33 ) 15 ) 3 ) 25 ) 23 ) 26 ) 1 ) 21 ) 35 ) 30 ) 28 ) 7 ) 6 ) 5 ) 11 ) 34 ) 16 ) 9 ) 2 ) 31 ) 18 ) 19 ) 10 ) 12 ) 14 ) 4 ) 24 ) 17 ) 13 ) 36
 ( ( ( ( ( ( ( ( ( ( ( ( ( ( ( ( ( ( ( ( ( ( ( ( ( ( ( ( ( ( ( ( ( ( ( 22 ) 29 ) 32 ) 20 ) 8 ) 27 ) 33 ) 15 ) 3 ) 25 ) 23 ) 26 ) 1 ) 21 ) 35 ) 30 ) 28 ) 7 ) 6 ) 5 ) 11 ) 17 ) 16 ) 9 ) 2 ) 31 ) 18 ) 19 ) 10 ) 12 ) 14 ) 4 ) 24 ) 34 ) 13 ) 36
 ( ( ( ( ( ( ( ( ( ( ( ( ( ( ( ( ( ( ( ( ( ( ( ( ( ( ( ( ( ( ( ( ( ( ( 22 ) 29 ) 32 ) 21 ) 28 ) 3 ) 26 ) 1 ) 35 ) 6 ) 15 ) 5 ) 23 ) 20 ) 34 ) 24 ) 13 ) 17 ) 25 ) 10 ) 2 ) 31 ) 7 ) 30 ) 16 ) 11 ) 4 ) 18 ) 33 ) 27 ) 9 ) 8 ) 12 ) 14 ) 19 ) 36
 ( ( ( ( ( ( ( ( ( ( ( ( ( ( ( ( ( ( ( ( ( ( ( ( ( ( ( ( ( ( ( ( ( ( ( 22 ) 32 ) 26 ) 28 ) 10 ) 7 ) 3 ) 33 ) 5 ) 35 ) 6 ) 15 ) 23 ) 20 ) 1 ) 31 ) 29 ) 8 ) 4 ) 27 ) 12 ) 25 ) 16 ) 2 ) 17 ) 24 ) 30 ) 11 ) 34 ) 19 ) 13 ) 21 ) 18 ) 14 ) 9 ) 36
 ( ( ( ( ( ( ( ( ( ( ( ( ( ( ( ( ( ( ( ( ( ( ( ( ( ( ( ( ( ( ( ( ( ( ( 22 ) 29 ) 32 ) 20 ) 8 ) 27 ) 33 ) 25 ) 3 ) 15 ) 23 ) 26 ) 1 ) 21 ) 35 ) 30 ) 28 ) 7 ) 6 ) 5 ) 11 ) 17 ) 16 ) 9 ) 2 ) 31 ) 18 ) 19 ) 10 ) 12 ) 14 ) 4 ) 24 ) 34 ) 13 ) 36
 ( ( ( ( ( ( ( ( ( ( ( ( ( ( ( ( ( ( ( ( ( ( ( ( ( ( ( ( ( ( ( ( ( ( ( 22 ) 29 ) 32 ) 20 ) 8 ) 27 ) 33 ) 25 ) 3 ) 15 ) 23 ) 26 ) 1 ) 21 ) 35 ) 30 ) 28 ) 7 ) 6 ) 5 ) 18 ) 17 ) 16 ) 9 ) 2 ) 31 ) 11 ) 19 ) 10 ) 12 ) 14 ) 4 ) 24 ) 34 ) 13 ) 36
 ( ( ( ( ( ( ( ( ( ( ( ( ( ( ( ( ( ( ( ( ( ( ( ( ( ( ( ( ( ( ( ( ( ( ( 22 ) 29 ) 32 ) 20 ) 8 ) 27 ) 33 ) 25 ) 30 ) 15 ) 23 ) 26 ) 1 ) 21 ) 35 ) 3 ) 28 ) 7 ) 6 ) 5 ) 18 ) 17 ) 16 ) 9 ) 2 ) 31 ) 11 ) 19 ) 10 ) 12 ) 14 ) 4 ) 24 ) 34 ) 13 ) 36
 ( ( ( ( ( ( ( ( ( ( ( ( ( ( ( ( ( ( ( ( ( ( ( ( ( ( ( ( ( ( ( ( ( ( ( 22 ) 29 ) 32 ) 20 ) 8 ) 27 ) 33 ) 25 ) 30 ) 23 ) 15 ) 26 ) 1 ) 21 ) 35 ) 3 ) 28 ) 7 ) 6 ) 5 ) 18 ) 17 ) 16 ) 9 ) 2 ) 31 ) 11 ) 19 ) 10 ) 12 ) 14 ) 4 ) 24 ) 34 ) 13 ) 36
 ( ( ( ( ( ( ( ( ( ( ( ( ( ( ( ( ( ( ( ( ( ( ( ( ( ( ( ( ( ( ( ( ( ( ( 22 ) 29 ) 32 ) 20 ) 8 ) 27 ) 33 ) 25 ) 30 ) 23 ) 15 ) 26 ) 1 ) 21 ) 35 ) 3 ) 28 ) 7 ) 6 ) 5 ) 18 ) 17 ) 14 ) 9 ) 2 ) 31 ) 11 ) 19 ) 10 ) 12 ) 16 ) 4 ) 24 ) 34 ) 13 ) 36
 ( ( ( ( ( ( ( ( ( ( ( ( ( ( ( ( ( ( ( ( ( ( ( ( ( ( ( ( ( ( ( ( ( ( ( 22 ) 29 ) 32 ) 20 ) 8 ) 27 ) 33 ) 25 ) 30 ) 23 ) 15 ) 26 ) 1 ) 21 ) 35 ) 3 ) 28 ) 7 ) 6 ) 5 ) 18 ) 11 ) 14 ) 9 ) 2 ) 31 ) 17 ) 19 ) 10 ) 12 ) 16 ) 4 ) 24 ) 34 ) 13 ) 36
 ( ( ( ( ( ( ( ( ( ( ( ( ( ( ( ( ( ( ( ( ( ( ( ( ( ( ( ( ( ( ( ( ( ( ( 22 ) 29 ) 32 ) 20 ) 8 ) 27 ) 33 ) 25 ) 30 ) 23 ) 15 ) 26 ) 1 ) 21 ) 35 ) 3 ) 28 ) 7 ) 6 ) 5 ) 18 ) 11 ) 24 ) 9 ) 2 ) 31 ) 17 ) 19 ) 10 ) 12 ) 16 ) 4 ) 14 ) 34 ) 13 ) 36
 ( ( ( ( ( ( ( ( ( ( ( ( ( ( ( ( ( ( ( ( ( ( ( ( ( ( ( ( ( ( ( ( ( ( ( 22 ) 29 ) 32 ) 20 ) 8 ) 27 ) 33 ) 25 ) 30 ) 23 ) 15 ) 26 ) 1 ) 21 ) 35 ) 3 ) 28 ) 7 ) 6 ) 5 ) 18 ) 2 ) 24 ) 9 ) 11 ) 31 ) 17 ) 19 ) 10 ) 12 ) 16 ) 4 ) 14 ) 34 ) 13 ) 36
 ( ( ( ( ( ( ( ( ( ( ( ( ( ( ( ( ( ( ( ( ( ( ( ( ( ( ( ( ( ( ( ( ( ( ( 22 ) 29 ) 32 ) 20 ) 8 ) 27 ) 33 ) 25 ) 30 ) 23 ) 15 ) 26 ) 1 ) 21 ) 35 ) 3 ) 28 ) 7 ) 6 ) 5 ) 18 ) 2 ) 17 ) 9 ) 11 ) 31 ) 24 ) 19 ) 10 ) 12 ) 16 ) 4 ) 14 ) 34 ) 13 ) 36
 ( ( ( ( ( ( ( ( ( ( ( ( ( ( ( ( ( ( ( ( ( ( ( ( ( ( ( ( ( ( ( ( ( ( ( 22 ) 29 ) 32 ) 20 ) 8 ) 27 ) 33 ) 25 ) 30 ) 23 ) 15 ) 26 ) 1 ) 21 ) 35 ) 3 ) 28 ) 7 ) 6 ) 5 ) 18 ) 2 ) 17 ) 9 ) 11 ) 31 ) 16 ) 19 ) 10 ) 12 ) 24 ) 4 ) 14 ) 34 ) 13 ) 36
 ( ( ( ( ( ( ( ( ( ( ( ( ( ( ( ( ( ( ( ( ( ( ( ( ( ( ( ( ( ( ( ( ( ( ( 22 ) 32 ) 26 ) 28 ) 10 ) 7 ) 3 ) 33 ) 5 ) 35 ) 6 ) 15 ) 23 ) 20 ) 1 ) 31 ) 29 ) 8 ) 4 ) 27 ) 12 ) 21 ) 16 ) 2 ) 17 ) 24 ) 30 ) 11 ) 34 ) 19 ) 13 ) 25 ) 18 ) 14 ) 9 ) 36
 ( ( ( ( ( ( ( ( ( ( ( ( ( ( ( ( ( ( ( ( ( ( ( ( ( ( ( ( ( ( ( ( ( ( ( 22 ) 29 ) 32 ) 20 ) 8 ) 27 ) 33 ) 25 ) 30 ) 23 ) 15 ) 26 ) 1 ) 21 ) 35 ) 3 ) 28 ) 7 ) 6 ) 5 ) 18 ) 2 ) 17 ) 9 ) 11 ) 4 ) 16 ) 19 ) 10 ) 12 ) 24 ) 31 ) 14 ) 34 ) 13 ) 36
 ( ( ( ( ( ( ( ( ( ( ( ( ( ( ( ( ( ( ( ( ( ( ( ( ( ( ( ( ( ( ( ( ( ( ( 22 ) 29 ) 32 ) 20 ) 8 ) 27 ) 33 ) 25 ) 30 ) 23 ) 15 ) 26 ) 1 ) 21 ) 35 ) 3 ) 28 ) 7 ) 6 ) 5 ) 18 ) 14 ) 17 ) 9 ) 11 ) 4 ) 16 ) 19 ) 10 ) 12 ) 24 ) 31 ) 2 ) 34 ) 13 ) 36
 ( ( ( ( ( ( ( ( ( ( ( ( ( ( ( ( ( ( ( ( ( ( ( ( ( ( ( ( ( ( ( ( ( ( ( 22 ) 29 ) 32 ) 20 ) 8 ) 27 ) 33 ) 25 ) 30 ) 23 ) 15 ) 26 ) 1 ) 21 ) 35 ) 3 ) 28 ) 7 ) 6 ) 5 ) 18 ) 14 ) 17 ) 9 ) 11 ) 4 ) 16 ) 19 ) 10 ) 12 ) 24 ) 2 ) 31 ) 34 ) 13 ) 36
 ( ( ( ( ( ( ( ( ( ( ( ( ( ( ( ( ( ( ( ( ( ( ( ( ( ( ( ( ( ( ( ( ( ( ( 22 ) 29 ) 32 ) 20 ) 8 ) 27 ) 33 ) 25 ) 30 ) 23 ) 15 ) 26 ) 1 ) 17 ) 35 ) 3 ) 28 ) 7 ) 6 ) 5 ) 18 ) 14 ) 21 ) 9 ) 11 ) 4 ) 16 ) 19 ) 10 ) 12 ) 24 ) 2 ) 31 ) 34 ) 13 ) 36
 ( ( ( ( ( ( ( ( ( ( ( ( ( ( ( ( ( ( ( ( ( ( ( ( ( ( ( ( ( ( ( ( ( ( ( 22 ) 29 ) 32 ) 20 ) 8 ) 27 ) 33 ) 25 ) 30 ) 23 ) 15 ) 26 ) 28 ) 17 ) 35 ) 3 ) 1 ) 7 ) 6 ) 5 ) 18 ) 14 ) 21 ) 9 ) 11 ) 4 ) 16 ) 19 ) 10 ) 12 ) 24 ) 2 ) 31 ) 34 ) 13 ) 36
 ( ( ( ( ( ( ( ( ( ( ( ( ( ( ( ( ( ( ( ( ( ( ( ( ( ( ( ( ( ( ( ( ( ( ( 22 ) 29 ) 32 ) 20 ) 8 ) 27 ) 33 ) 25 ) 30 ) 23 ) 15 ) 26 ) 28 ) 17 ) 35 ) 3 ) 1 ) 7 ) 6 ) 5 ) 18 ) 14 ) 21 ) 9 ) 34 ) 4 ) 16 ) 19 ) 10 ) 12 ) 24 ) 2 ) 31 ) 11 ) 13 ) 36
 ( ( ( ( ( ( ( ( ( ( ( ( ( ( ( ( ( ( ( ( ( ( ( ( ( ( ( ( ( ( ( ( ( ( ( 22 ) 29 ) 32 ) 20 ) 8 ) 27 ) 33 ) 25 ) 30 ) 23 ) 15 ) 26 ) 17 ) 28 ) 35 ) 3 ) 1 ) 7 ) 6 ) 5 ) 18 ) 14 ) 21 ) 9 ) 34 ) 4 ) 16 ) 19 ) 10 ) 12 ) 24 ) 2 ) 31 ) 11 ) 13 ) 36
 ( ( ( ( ( ( ( ( ( ( ( ( ( ( ( ( ( ( ( ( ( ( ( ( ( ( ( ( ( ( ( ( ( ( ( 22 ) 29 ) 32 ) 20 ) 8 ) 27 ) 33 ) 25 ) 6 ) 23 ) 15 ) 26 ) 17 ) 28 ) 35 ) 3 ) 1 ) 7 ) 30 ) 5 ) 18 ) 14 ) 21 ) 9 ) 34 ) 4 ) 16 ) 19 ) 10 ) 12 ) 24 ) 2 ) 31 ) 11 ) 13 ) 36
 ( ( ( ( ( ( ( ( ( ( ( ( ( ( ( ( ( ( ( ( ( ( ( ( ( ( ( ( ( ( ( ( ( ( ( 22 ) 29 ) 32 ) 20 ) 8 ) 27 ) 33 ) 30 ) 6 ) 23 ) 15 ) 26 ) 17 ) 28 ) 35 ) 3 ) 1 ) 7 ) 25 ) 5 ) 18 ) 14 ) 21 ) 9 ) 34 ) 4 ) 16 ) 19 ) 10 ) 12 ) 24 ) 2 ) 31 ) 11 ) 13 ) 36
 ( ( ( ( ( ( ( ( ( ( ( ( ( ( ( ( ( ( ( ( ( ( ( ( ( ( ( ( ( ( ( ( ( ( ( 22 ) 29 ) 32 ) 20 ) 8 ) 27 ) 33 ) 30 ) 6 ) 23 ) 15 ) 26 ) 17 ) 28 ) 35 ) 3 ) 1 ) 7 ) 25 ) 5 ) 18 ) 14 ) 21 ) 9 ) 34 ) 4 ) 10 ) 19 ) 16 ) 12 ) 24 ) 2 ) 31 ) 11 ) 13 ) 36
 ( ( ( ( ( ( ( ( ( ( ( ( ( ( ( ( ( ( ( ( ( ( ( ( ( ( ( ( ( ( ( ( ( ( ( 22 ) 32 ) 26 ) 28 ) 10 ) 7 ) 3 ) 33 ) 5 ) 35 ) 6 ) 15 ) 23 ) 20 ) 1 ) 31 ) 29 ) 8 ) 4 ) 27 ) 12 ) 14 ) 16 ) 2 ) 17 ) 24 ) 30 ) 11 ) 34 ) 19 ) 13 ) 25 ) 18 ) 21 ) 9 ) 36
 ( ( ( ( ( ( ( ( ( ( ( ( ( ( ( ( ( ( ( ( ( ( ( ( ( ( ( ( ( ( ( ( ( ( ( 22 ) 29 ) 32 ) 20 ) 8 ) 27 ) 33 ) 30 ) 6 ) 23 ) 15 ) 26 ) 35 ) 28 ) 17 ) 3 ) 1 ) 7 ) 25 ) 5 ) 18 ) 14 ) 21 ) 9 ) 34 ) 4 ) 10 ) 19 ) 16 ) 12 ) 24 ) 2 ) 31 ) 11 ) 13 ) 36
 ( ( ( ( ( ( ( ( ( ( ( ( ( ( ( ( ( ( ( ( ( ( ( ( ( ( ( ( ( ( ( ( ( ( ( 22 ) 29 ) 32 ) 21 ) 28 ) 17 ) 27 ) 1 ) 10 ) 35 ) 5 ) 6 ) 3 ) 23 ) 20 ) 25 ) 15 ) 2 ) 33 ) 14 ) 34 ) 8 ) 31 ) 24 ) 4 ) 12 ) 19 ) 30 ) 13 ) 9 ) 26 ) 18 ) 7 ) 11 ) 16 ) 36
 ( ( ( ( ( ( ( ( ( ( ( ( ( ( ( ( ( ( ( ( ( ( ( ( ( ( ( ( ( ( ( ( ( ( ( 22 ) 29 ) 32 ) 21 ) 28 ) 17 ) 27 ) 1 ) 10 ) 35 ) 5 ) 6 ) 3 ) 23 ) 20 ) 25 ) 15 ) 2 ) 33 ) 14 ) 34 ) 8 ) 31 ) 24 ) 4 ) 12 ) 30 ) 19 ) 13 ) 9 ) 26 ) 18 ) 7 ) 11 ) 16 ) 36
 ( ( ( ( ( ( ( ( ( ( ( ( ( ( ( ( ( ( ( ( ( ( ( ( ( ( ( ( ( ( ( ( ( ( ( 22 ) 29 ) 32 ) 21 ) 28 ) 17 ) 27 ) 1 ) 10 ) 35 ) 5 ) 6 ) 3 ) 23 ) 20 ) 25 ) 15 ) 2 ) 33 ) 14 ) 34 ) 8 ) 31 ) 24 ) 4 ) 26 ) 30 ) 19 ) 13 ) 9 ) 12 ) 18 ) 7 ) 11 ) 16 ) 36
 ( ( ( ( ( ( ( ( ( ( ( ( ( ( ( ( ( ( ( ( ( ( ( ( ( ( ( ( ( ( ( ( ( ( ( 22 ) 29 ) 32 ) 21 ) 28 ) 17 ) 27 ) 1 ) 10 ) 35 ) 20 ) 6 ) 3 ) 23 ) 5 ) 25 ) 15 ) 2 ) 33 ) 14 ) 34 ) 8 ) 31 ) 24 ) 4 ) 26 ) 30 ) 19 ) 13 ) 9 ) 12 ) 18 ) 7 ) 11 ) 16 ) 36
 ( ( ( ( ( ( ( ( ( ( ( ( ( ( ( ( ( ( ( ( ( ( ( ( ( ( ( ( ( ( ( ( ( ( ( 22 ) 29 ) 32 ) 21 ) 28 ) 17 ) 27 ) 1 ) 10 ) 35 ) 20 ) 6 ) 3 ) 23 ) 5 ) 25 ) 15 ) 11 ) 33 ) 14 ) 34 ) 8 ) 31 ) 24 ) 4 ) 26 ) 30 ) 19 ) 13 ) 9 ) 12 ) 18 ) 7 ) 2 ) 16 ) 36
 ( ( ( ( ( ( ( ( ( ( ( ( ( ( ( ( ( ( ( ( ( ( ( ( ( ( ( ( ( ( ( ( ( ( ( 22 ) 29 ) 32 ) 21 ) 28 ) 17 ) 27 ) 1 ) 10 ) 35 ) 20 ) 6 ) 3 ) 23 ) 5 ) 25 ) 15 ) 11 ) 33 ) 7 ) 34 ) 8 ) 31 ) 24 ) 4 ) 26 ) 30 ) 19 ) 13 ) 9 ) 12 ) 18 ) 14 ) 2 ) 16 ) 36
 ( ( ( ( ( ( ( ( ( ( ( ( ( ( ( ( ( ( ( ( ( ( ( ( ( ( ( ( ( ( ( ( ( ( ( 22 ) 29 ) 32 ) 21 ) 28 ) 17 ) 27 ) 1 ) 10 ) 35 ) 20 ) 6 ) 3 ) 23 ) 5 ) 25 ) 15 ) 11 ) 33 ) 7 ) 34 ) 8 ) 31 ) 24 ) 4 ) 26 ) 30 ) 19 ) 13 ) 2 ) 12 ) 18 ) 14 ) 9 ) 16 ) 36
 ( ( ( ( ( ( ( ( ( ( ( ( ( ( ( ( ( ( ( ( ( ( ( ( ( ( ( ( ( ( ( ( ( ( ( 22 ) 29 ) 32 ) 21 ) 28 ) 26 ) 3 ) 17 ) 35 ) 6 ) 15 ) 5 ) 1 ) 23 ) 12 ) 8 ) 25 ) 20 ) 4 ) 14 ) 34 ) 31 ) 16 ) 10 ) 27 ) 24 ) 19 ) 7 ) 9 ) 33 ) 11 ) 13 ) 30 ) 2 ) 18 ) 36
 ( ( ( ( ( ( ( ( ( ( ( ( ( ( ( ( ( ( ( ( ( ( ( ( ( ( ( ( ( ( ( ( ( ( ( 22 ) 29 ) 32 ) 21 ) 28 ) 26 ) 3 ) 17 ) 35 ) 6 ) 15 ) 5 ) 1 ) 23 ) 12 ) 8 ) 25 ) 20 ) 16 ) 14 ) 34 ) 31 ) 4 ) 10 ) 27 ) 24 ) 19 ) 7 ) 9 ) 33 ) 11 ) 13 ) 30 ) 2 ) 18 ) 36
 ( ( ( ( ( ( ( ( ( ( ( ( ( ( ( ( ( ( ( ( ( ( ( ( ( ( ( ( ( ( ( ( ( ( ( 22 ) 32 ) 26 ) 28 ) 10 ) 7 ) 3 ) 33 ) 5 ) 35 ) 6 ) 15 ) 23 ) 20 ) 1 ) 31 ) 29 ) 8 ) 4 ) 27 ) 12 ) 19 ) 16 ) 2 ) 17 ) 24 ) 30 ) 11 ) 34 ) 14 ) 13 ) 25 ) 18 ) 21 ) 9 ) 36
 ( ( ( ( ( ( ( ( ( ( ( ( ( ( ( ( ( ( ( ( ( ( ( ( ( ( ( ( ( ( ( ( ( ( ( 22 ) 29 ) 32 ) 21 ) 28 ) 26 ) 3 ) 17 ) 35 ) 15 ) 6 ) 5 ) 1 ) 23 ) 12 ) 8 ) 25 ) 20 ) 16 ) 14 ) 34 ) 31 ) 4 ) 10 ) 27 ) 24 ) 19 ) 7 ) 9 ) 33 ) 11 ) 13 ) 30 ) 2 ) 18 ) 36
 ( ( ( ( ( ( ( ( ( ( ( ( ( ( ( ( ( ( ( ( ( ( ( ( ( ( ( ( ( ( ( ( ( ( ( 22 ) 29 ) 32 ) 21 ) 28 ) 26 ) 3 ) 17 ) 35 ) 15 ) 6 ) 5 ) 1 ) 23 ) 12 ) 8 ) 25 ) 20 ) 16 ) 14 ) 34 ) 31 ) 4 ) 10 ) 27 ) 24 ) 19 ) 2 ) 9 ) 33 ) 11 ) 13 ) 30 ) 7 ) 18 ) 36
 ( ( ( ( ( ( ( ( ( ( ( ( ( ( ( ( ( ( ( ( ( ( ( ( ( ( ( ( ( ( ( ( ( ( ( 22 ) 29 ) 32 ) 21 ) 28 ) 26 ) 3 ) 17 ) 35 ) 15 ) 6 ) 5 ) 1 ) 23 ) 12 ) 8 ) 25 ) 20 ) 16 ) 14 ) 34 ) 31 ) 4 ) 10 ) 27 ) 24 ) 19 ) 33 ) 9 ) 2 ) 11 ) 13 ) 30 ) 7 ) 18 ) 36
 ( ( ( ( ( ( ( ( ( ( ( ( ( ( ( ( ( ( ( ( ( ( ( ( ( ( ( ( ( ( ( ( ( ( ( 22 ) 29 ) 32 ) 21 ) 28 ) 26 ) 3 ) 20 ) 35 ) 15 ) 6 ) 5 ) 1 ) 23 ) 12 ) 8 ) 25 ) 17 ) 16 ) 14 ) 34 ) 31 ) 4 ) 10 ) 27 ) 24 ) 19 ) 33 ) 9 ) 2 ) 11 ) 13 ) 30 ) 7 ) 18 ) 36
 ( ( ( ( ( ( ( ( ( ( ( ( ( ( ( ( ( ( ( ( ( ( ( ( ( ( ( ( ( ( ( ( ( ( ( 22 ) 29 ) 32 ) 21 ) 28 ) 26 ) 3 ) 20 ) 35 ) 15 ) 6 ) 5 ) 1 ) 23 ) 12 ) 8 ) 25 ) 17 ) 16 ) 14 ) 34 ) 31 ) 4 ) 10 ) 27 ) 24 ) 19 ) 33 ) 9 ) 2 ) 11 ) 13 ) 18 ) 7 ) 30 ) 36
 ( ( ( ( ( ( ( ( ( ( ( ( ( ( ( ( ( ( ( ( ( ( ( ( ( ( ( ( ( ( ( ( ( ( ( 22 ) 29 ) 32 ) 21 ) 28 ) 26 ) 3 ) 20 ) 35 ) 15 ) 6 ) 5 ) 1 ) 23 ) 12 ) 8 ) 25 ) 17 ) 16 ) 14 ) 10 ) 31 ) 4 ) 34 ) 27 ) 24 ) 19 ) 33 ) 9 ) 2 ) 11 ) 13 ) 18 ) 7 ) 30 ) 36
 ( ( ( ( ( ( ( ( ( ( ( ( ( ( ( ( ( ( ( ( ( ( ( ( ( ( ( ( ( ( ( ( ( ( ( 22 ) 29 ) 32 ) 21 ) 28 ) 26 ) 3 ) 20 ) 35 ) 15 ) 1 ) 5 ) 6 ) 23 ) 12 ) 8 ) 25 ) 17 ) 16 ) 14 ) 10 ) 31 ) 4 ) 34 ) 27 ) 24 ) 19 ) 33 ) 9 ) 2 ) 11 ) 13 ) 18 ) 7 ) 30 ) 36
 ( ( ( ( ( ( ( ( ( ( ( ( ( ( ( ( ( ( ( ( ( ( ( ( ( ( ( ( ( ( ( ( ( ( ( 22 ) 29 ) 32 ) 21 ) 28 ) 26 ) 3 ) 20 ) 35 ) 15 ) 1 ) 5 ) 6 ) 23 ) 12 ) 8 ) 25 ) 2 ) 16 ) 14 ) 10 ) 31 ) 4 ) 34 ) 27 ) 24 ) 19 ) 33 ) 9 ) 17 ) 11 ) 13 ) 18 ) 7 ) 30 ) 36
 ( ( ( ( ( ( ( ( ( ( ( ( ( ( ( ( ( ( ( ( ( ( ( ( ( ( ( ( ( ( ( ( ( ( ( 22 ) 29 ) 32 ) 21 ) 28 ) 26 ) 3 ) 20 ) 35 ) 15 ) 1 ) 5 ) 6 ) 23 ) 12 ) 8 ) 25 ) 2 ) 16 ) 14 ) 10 ) 31 ) 4 ) 34 ) 27 ) 24 ) 19 ) 33 ) 9 ) 13 ) 11 ) 17 ) 18 ) 7 ) 30 ) 36
 ( ( ( ( ( ( ( ( ( ( ( ( ( ( ( ( ( ( ( ( ( ( ( ( ( ( ( ( ( ( ( ( ( ( ( 22 ) 29 ) 32 ) 21 ) 28 ) 26 ) 3 ) 20 ) 35 ) 6 ) 1 ) 5 ) 15 ) 23 ) 12 ) 8 ) 25 ) 2 ) 16 ) 14 ) 10 ) 31 ) 4 ) 34 ) 27 ) 24 ) 19 ) 33 ) 9 ) 13 ) 11 ) 17 ) 18 ) 7 ) 30 ) 36
 ( ( ( ( ( ( ( ( ( ( ( ( ( ( ( ( ( ( ( ( ( ( ( ( ( ( ( ( ( ( ( ( ( ( ( 22 ) 32 ) 26 ) 28 ) 10 ) 7 ) 3 ) 33 ) 5 ) 35 ) 6 ) 15 ) 23 ) 20 ) 1 ) 31 ) 29 ) 8 ) 4 ) 27 ) 12 ) 19 ) 2 ) 16 ) 17 ) 24 ) 30 ) 11 ) 34 ) 14 ) 13 ) 25 ) 18 ) 21 ) 9 ) 36
 ( ( ( ( ( ( ( ( ( ( ( ( ( ( ( ( ( ( ( ( ( ( ( ( ( ( ( ( ( ( ( ( ( ( ( 22 ) 29 ) 32 ) 21 ) 28 ) 26 ) 3 ) 20 ) 35 ) 15 ) 1 ) 5 ) 6 ) 23 ) 12 ) 8 ) 25 ) 2 ) 16 ) 14 ) 4 ) 31 ) 10 ) 34 ) 27 ) 24 ) 19 ) 33 ) 9 ) 13 ) 11 ) 17 ) 18 ) 7 ) 30 ) 36
 ( ( ( ( ( ( ( ( ( ( ( ( ( ( ( ( ( ( ( ( ( ( ( ( ( ( ( ( ( ( ( ( ( ( ( 22 ) 32 ) 26 ) 28 ) 10 ) 7 ) 3 ) 33 ) 5 ) 35 ) 6 ) 15 ) 23 ) 20 ) 1 ) 31 ) 29 ) 8 ) 4 ) 27 ) 12 ) 19 ) 21 ) 16 ) 17 ) 24 ) 30 ) 11 ) 34 ) 14 ) 13 ) 25 ) 18 ) 2 ) 9 ) 36
 ( ( ( ( ( ( ( ( ( ( ( ( ( ( ( ( ( ( ( ( ( ( ( ( ( ( ( ( ( ( ( ( ( ( ( 22 ) 32 ) 26 ) 28 ) 10 ) 7 ) 3 ) 6 ) 5 ) 35 ) 33 ) 15 ) 23 ) 20 ) 1 ) 31 ) 29 ) 8 ) 4 ) 27 ) 12 ) 19 ) 21 ) 16 ) 17 ) 24 ) 30 ) 11 ) 34 ) 14 ) 13 ) 25 ) 18 ) 2 ) 9 ) 36
 ( ( ( ( ( ( ( ( ( ( ( ( ( ( ( ( ( ( ( ( ( ( ( ( ( ( ( ( ( ( ( ( ( ( ( 22 ) 32 ) 26 ) 28 ) 10 ) 7 ) 3 ) 6 ) 5 ) 35 ) 33 ) 15 ) 23 ) 20 ) 1 ) 31 ) 29 ) 8 ) 4 ) 27 ) 34 ) 19 ) 21 ) 16 ) 17 ) 24 ) 30 ) 11 ) 12 ) 14 ) 13 ) 25 ) 18 ) 2 ) 9 ) 36
 ( ( ( ( ( ( ( ( ( ( ( ( ( ( ( ( ( ( ( ( ( ( ( ( ( ( ( ( ( ( ( ( ( ( ( 22 ) 32 ) 26 ) 28 ) 10 ) 7 ) 3 ) 6 ) 5 ) 35 ) 33 ) 15 ) 23 ) 20 ) 1 ) 31 ) 29 ) 8 ) 4 ) 27 ) 9 ) 19 ) 21 ) 16 ) 17 ) 24 ) 30 ) 11 ) 12 ) 14 ) 13 ) 25 ) 18 ) 2 ) 34 ) 36
 ( ( ( ( ( ( ( ( ( ( ( ( ( ( ( ( ( ( ( ( ( ( ( ( ( ( ( ( ( ( ( ( ( ( ( 22 ) 32 ) 26 ) 28 ) 10 ) 7 ) 1 ) 6 ) 5 ) 35 ) 33 ) 15 ) 23 ) 20 ) 3 ) 31 ) 29 ) 8 ) 4 ) 27 ) 9 ) 19 ) 21 ) 16 ) 17 ) 24 ) 30 ) 11 ) 12 ) 14 ) 13 ) 25 ) 18 ) 2 ) 34 ) 36
 ( ( ( ( ( ( ( ( ( ( ( ( ( ( ( ( ( ( ( ( ( ( ( ( ( ( ( ( ( ( ( ( ( ( ( 22 ) 29 ) 32 ) 21 ) 28 ) 3 ) 26 ) 6 ) 35 ) 1 ) 15 ) 5 ) 23 ) 20 ) 34 ) 24 ) 13 ) 17 ) 25 ) 10 ) 2 ) 31 ) 7 ) 30 ) 16 ) 11 ) 4 ) 18 ) 33 ) 27 ) 9 ) 8 ) 12 ) 14 ) 19 ) 36
 ( ( ( ( ( ( ( ( ( ( ( ( ( ( ( ( ( ( ( ( ( ( ( ( ( ( ( ( ( ( ( ( ( ( ( 22 ) 32 ) 26 ) 28 ) 10 ) 7 ) 1 ) 6 ) 5 ) 35 ) 33 ) 15 ) 23 ) 20 ) 3 ) 31 ) 29 ) 8 ) 4 ) 27 ) 9 ) 30 ) 21 ) 16 ) 17 ) 24 ) 19 ) 11 ) 12 ) 14 ) 13 ) 25 ) 18 ) 2 ) 34 ) 36
 ( ( ( ( ( ( ( ( ( ( ( ( ( ( ( ( ( ( ( ( ( ( ( ( ( ( ( ( ( ( ( ( ( ( ( 22 ) 32 ) 26 ) 28 ) 10 ) 7 ) 23 ) 35 ) 1 ) 3 ) 33 ) 15 ) 30 ) 6 ) 8 ) 5 ) 9 ) 20 ) 14 ) 4 ) 25 ) 27 ) 12 ) 31 ) 29 ) 18 ) 24 ) 34 ) 17 ) 21 ) 19 ) 2 ) 13 ) 16 ) 11 ) 36
 ( ( ( ( ( ( ( ( ( ( ( ( ( ( ( ( ( ( ( ( ( ( ( ( ( ( ( ( ( ( ( ( ( ( ( 22 ) 32 ) 26 ) 28 ) 10 ) 7 ) 23 ) 35 ) 1 ) 3 ) 33 ) 15 ) 30 ) 6 ) 8 ) 5 ) 9 ) 20 ) 11 ) 4 ) 25 ) 27 ) 12 ) 31 ) 29 ) 18 ) 24 ) 34 ) 17 ) 21 ) 19 ) 2 ) 13 ) 16 ) 14 ) 36
 ( ( ( ( ( ( ( ( ( ( ( ( ( ( ( ( ( ( ( ( ( ( ( ( ( ( ( ( ( ( ( ( ( ( ( 22 ) 32 ) 26 ) 28 ) 10 ) 7 ) 23 ) 35 ) 1 ) 3 ) 33 ) 15 ) 30 ) 6 ) 8 ) 5 ) 9 ) 20 ) 11 ) 4 ) 25 ) 27 ) 12 ) 31 ) 29 ) 18 ) 24 ) 17 ) 34 ) 21 ) 19 ) 2 ) 13 ) 16 ) 14 ) 36
 ( ( ( ( ( ( ( ( ( ( ( ( ( ( ( ( ( ( ( ( ( ( ( ( ( ( ( ( ( ( ( ( ( ( ( 22 ) 32 ) 26 ) 28 ) 10 ) 7 ) 23 ) 35 ) 1 ) 6 ) 33 ) 15 ) 30 ) 3 ) 8 ) 5 ) 9 ) 20 ) 11 ) 4 ) 25 ) 27 ) 12 ) 31 ) 29 ) 18 ) 24 ) 17 ) 34 ) 21 ) 19 ) 2 ) 13 ) 16 ) 14 ) 36
 ( ( ( ( ( ( ( ( ( ( ( ( ( ( ( ( ( ( ( ( ( ( ( ( ( ( ( ( ( ( ( ( ( ( ( 22 ) 32 ) 26 ) 28 ) 10 ) 7 ) 23 ) 35 ) 1 ) 6 ) 33 ) 15 ) 30 ) 3 ) 8 ) 5 ) 2 ) 20 ) 11 ) 4 ) 25 ) 27 ) 12 ) 31 ) 29 ) 18 ) 24 ) 17 ) 34 ) 21 ) 19 ) 9 ) 13 ) 16 ) 14 ) 36
 ( ( ( ( ( ( ( ( ( ( ( ( ( ( ( ( ( ( ( ( ( ( ( ( ( ( ( ( ( ( ( ( ( ( ( 22 ) 32 ) 26 ) 28 ) 10 ) 7 ) 23 ) 35 ) 1 ) 6 ) 33 ) 15 ) 30 ) 3 ) 8 ) 5 ) 2 ) 20 ) 11 ) 34 ) 25 ) 27 ) 12 ) 31 ) 29 ) 18 ) 24 ) 17 ) 4 ) 21 ) 19 ) 9 ) 13 ) 16 ) 14 ) 36
 ( ( ( ( ( ( ( ( ( ( ( ( ( ( ( ( ( ( ( ( ( ( ( ( ( ( ( ( ( ( ( ( ( ( ( 22 ) 32 ) 26 ) 28 ) 10 ) 7 ) 23 ) 35 ) 1 ) 6 ) 33 ) 15 ) 30 ) 3 ) 17 ) 5 ) 2 ) 20 ) 11 ) 34 ) 25 ) 27 ) 12 ) 31 ) 29 ) 18 ) 24 ) 8 ) 4 ) 21 ) 19 ) 9 ) 13 ) 16 ) 14 ) 36
 ( ( ( ( ( ( ( ( ( ( ( ( ( ( ( ( ( ( ( ( ( ( ( ( ( ( ( ( ( ( ( ( ( ( ( 22 ) 32 ) 26 ) 28 ) 10 ) 7 ) 23 ) 35 ) 1 ) 6 ) 33 ) 15 ) 30 ) 3 ) 17 ) 5 ) 2 ) 20 ) 11 ) 34 ) 25 ) 27 ) 12 ) 31 ) 29 ) 4 ) 24 ) 8 ) 18 ) 21 ) 19 ) 9 ) 13 ) 16 ) 14 ) 36
 ( ( ( ( ( ( ( ( ( ( ( ( ( ( ( ( ( ( ( ( ( ( ( ( ( ( ( ( ( ( ( ( ( ( ( 22 ) 32 ) 26 ) 28 ) 10 ) 7 ) 23 ) 35 ) 1 ) 6 ) 33 ) 30 ) 15 ) 3 ) 17 ) 5 ) 2 ) 20 ) 11 ) 34 ) 25 ) 27 ) 12 ) 31 ) 29 ) 4 ) 24 ) 8 ) 18 ) 21 ) 19 ) 9 ) 13 ) 16 ) 14 ) 36
 ( ( ( ( ( ( ( ( ( ( ( ( ( ( ( ( ( ( ( ( ( ( ( ( ( ( ( ( ( ( ( ( ( ( ( 22 ) 29 ) 32 ) 21 ) 28 ) 3 ) 26 ) 6 ) 35 ) 1 ) 15 ) 5 ) 23 ) 20 ) 34 ) 24 ) 13 ) 17 ) 25 ) 10 ) 2 ) 8 ) 7 ) 30 ) 16 ) 11 ) 4 ) 18 ) 33 ) 27 ) 9 ) 31 ) 12 ) 14 ) 19 ) 36
 ( ( ( ( ( ( ( ( ( ( ( ( ( ( ( ( ( ( ( ( ( ( ( ( ( ( ( ( ( ( ( ( ( ( ( 22 ) 32 ) 26 ) 28 ) 10 ) 7 ) 23 ) 35 ) 1 ) 6 ) 33 ) 30 ) 15 ) 3 ) 17 ) 5 ) 2 ) 20 ) 11 ) 34 ) 25 ) 27 ) 12 ) 31 ) 29 ) 13 ) 24 ) 8 ) 18 ) 21 ) 19 ) 9 ) 4 ) 16 ) 14 ) 36
 ( ( ( ( ( ( ( ( ( ( ( ( ( ( ( ( ( ( ( ( ( ( ( ( ( ( ( ( ( ( ( ( ( ( ( 22 ) 32 ) 26 ) 28 ) 10 ) 7 ) 23 ) 35 ) 1 ) 6 ) 33 ) 30 ) 15 ) 3 ) 17 ) 5 ) 2 ) 20 ) 18 ) 34 ) 25 ) 27 ) 12 ) 31 ) 29 ) 13 ) 24 ) 8 ) 11 ) 21 ) 19 ) 9 ) 4 ) 16 ) 14 ) 36
 ( ( ( ( ( ( ( ( ( ( ( ( ( ( ( ( ( ( ( ( ( ( ( ( ( ( ( ( ( ( ( ( ( ( ( 22 ) 32 ) 26 ) 28 ) 10 ) 7 ) 23 ) 35 ) 1 ) 6 ) 33 ) 30 ) 15 ) 3 ) 17 ) 5 ) 2 ) 20 ) 18 ) 34 ) 25 ) 21 ) 12 ) 31 ) 29 ) 13 ) 24 ) 8 ) 11 ) 27 ) 19 ) 9 ) 4 ) 16 ) 14 ) 36
 ( ( ( ( ( ( ( ( ( ( ( ( ( ( ( ( ( ( ( ( ( ( ( ( ( ( ( ( ( ( ( ( ( ( ( 22 ) 32 ) 26 ) 28 ) 10 ) 7 ) 23 ) 35 ) 1 ) 6 ) 33 ) 30 ) 15 ) 3 ) 17 ) 5 ) 2 ) 20 ) 18 ) 9 ) 25 ) 21 ) 12 ) 31 ) 29 ) 13 ) 24 ) 8 ) 11 ) 27 ) 19 ) 34 ) 4 ) 16 ) 14 ) 36
 ( ( ( ( ( ( ( ( ( ( ( ( ( ( ( ( ( ( ( ( ( ( ( ( ( ( ( ( ( ( ( ( ( ( ( 22 ) 32 ) 26 ) 28 ) 10 ) 7 ) 23 ) 35 ) 1 ) 6 ) 33 ) 30 ) 15 ) 3 ) 17 ) 5 ) 2 ) 20 ) 18 ) 9 ) 25 ) 21 ) 14 ) 31 ) 29 ) 13 ) 24 ) 8 ) 11 ) 27 ) 19 ) 34 ) 4 ) 16 ) 12 ) 36
 ( ( ( ( ( ( ( ( ( ( ( ( ( ( ( ( ( ( ( ( ( ( ( ( ( ( ( ( ( ( ( ( ( ( ( 22 ) 32 ) 26 ) 28 ) 10 ) 7 ) 8 ) 35 ) 1 ) 6 ) 33 ) 30 ) 27 ) 3 ) 15 ) 5 ) 23 ) 20 ) 14 ) 34 ) 17 ) 21 ) 18 ) 31 ) 9 ) 13 ) 24 ) 2 ) 11 ) 29 ) 4 ) 25 ) 12 ) 16 ) 19 ) 36
 ( ( ( ( ( ( ( ( ( ( ( ( ( ( ( ( ( ( ( ( ( ( ( ( ( ( ( ( ( ( ( ( ( ( ( 22 ) 32 ) 26 ) 28 ) 10 ) 7 ) 5 ) 35 ) 1 ) 6 ) 33 ) 30 ) 27 ) 3 ) 15 ) 8 ) 23 ) 20 ) 14 ) 34 ) 17 ) 21 ) 18 ) 31 ) 9 ) 13 ) 24 ) 2 ) 11 ) 29 ) 4 ) 25 ) 12 ) 16 ) 19 ) 36
 ( ( ( ( ( ( ( ( ( ( ( ( ( ( ( ( ( ( ( ( ( ( ( ( ( ( ( ( ( ( ( ( ( ( ( 22 ) 32 ) 26 ) 28 ) 10 ) 7 ) 5 ) 35 ) 1 ) 6 ) 33 ) 30 ) 27 ) 3 ) 15 ) 8 ) 23 ) 20 ) 14 ) 34 ) 17 ) 19 ) 18 ) 31 ) 9 ) 13 ) 24 ) 2 ) 11 ) 29 ) 4 ) 25 ) 12 ) 16 ) 21 ) 36
 ( ( ( ( ( ( ( ( ( ( ( ( ( ( ( ( ( ( ( ( ( ( ( ( ( ( ( ( ( ( ( ( ( ( ( 22 ) 32 ) 26 ) 28 ) 10 ) 7 ) 5 ) 35 ) 1 ) 6 ) 33 ) 30 ) 27 ) 3 ) 15 ) 8 ) 23 ) 20 ) 14 ) 34 ) 17 ) 19 ) 18 ) 9 ) 31 ) 13 ) 24 ) 2 ) 11 ) 29 ) 4 ) 25 ) 12 ) 16 ) 21 ) 36
 ( ( ( ( ( ( ( ( ( ( ( ( ( ( ( ( ( ( ( ( ( ( ( ( ( ( ( ( ( ( ( ( ( ( ( 22 ) 32 ) 26 ) 28 ) 10 ) 7 ) 5 ) 35 ) 1 ) 6 ) 33 ) 30 ) 27 ) 3 ) 15 ) 8 ) 23 ) 20 ) 14 ) 34 ) 21 ) 19 ) 18 ) 9 ) 31 ) 13 ) 24 ) 2 ) 11 ) 29 ) 4 ) 25 ) 12 ) 16 ) 17 ) 36
 ( ( ( ( ( ( ( ( ( ( ( ( ( ( ( ( ( ( ( ( ( ( ( ( ( ( ( ( ( ( ( ( ( ( ( 22 ) 29 ) 32 ) 21 ) 28 ) 3 ) 26 ) 6 ) 35 ) 1 ) 15 ) 5 ) 23 ) 20 ) 2 ) 24 ) 13 ) 17 ) 25 ) 10 ) 34 ) 8 ) 7 ) 30 ) 16 ) 11 ) 4 ) 18 ) 33 ) 27 ) 9 ) 31 ) 12 ) 14 ) 19 ) 36
 ( ( ( ( ( ( ( ( ( ( ( ( ( ( ( ( ( ( ( ( ( ( ( ( ( ( ( ( ( ( ( ( ( ( ( 22 ) 32 ) 26 ) 28 ) 10 ) 7 ) 8 ) 35 ) 1 ) 6 ) 33 ) 30 ) 27 ) 3 ) 15 ) 5 ) 23 ) 20 ) 14 ) 34 ) 21 ) 19 ) 18 ) 9 ) 31 ) 13 ) 24 ) 2 ) 11 ) 29 ) 4 ) 25 ) 12 ) 16 ) 17 ) 36
 ( ( ( ( ( ( ( ( ( ( ( ( ( ( ( ( ( ( ( ( ( ( ( ( ( ( ( ( ( ( ( ( ( ( ( 22 ) 32 ) 26 ) 28 ) 10 ) 7 ) 8 ) 35 ) 1 ) 6 ) 33 ) 30 ) 27 ) 3 ) 15 ) 5 ) 23 ) 20 ) 14 ) 34 ) 11 ) 19 ) 18 ) 9 ) 31 ) 13 ) 24 ) 2 ) 21 ) 29 ) 4 ) 25 ) 12 ) 16 ) 17 ) 36
 ( ( ( ( ( ( ( ( ( ( ( ( ( ( ( ( ( ( ( ( ( ( ( ( ( ( ( ( ( ( ( ( ( ( ( 22 ) 32 ) 26 ) 28 ) 10 ) 7 ) 8 ) 35 ) 1 ) 6 ) 33 ) 30 ) 27 ) 3 ) 15 ) 5 ) 23 ) 20 ) 14 ) 34 ) 11 ) 19 ) 18 ) 9 ) 31 ) 13 ) 24 ) 2 ) 21 ) 29 ) 12 ) 25 ) 4 ) 16 ) 17 ) 36
 ( ( ( ( ( ( ( ( ( ( ( ( ( ( ( ( ( ( ( ( ( ( ( ( ( ( ( ( ( ( ( ( ( ( ( 22 ) 32 ) 26 ) 28 ) 10 ) 7 ) 8 ) 20 ) 1 ) 6 ) 33 ) 30 ) 27 ) 3 ) 15 ) 5 ) 23 ) 35 ) 14 ) 34 ) 11 ) 19 ) 18 ) 9 ) 31 ) 13 ) 24 ) 2 ) 21 ) 29 ) 12 ) 25 ) 4 ) 16 ) 17 ) 36
 ( ( ( ( ( ( ( ( ( ( ( ( ( ( ( ( ( ( ( ( ( ( ( ( ( ( ( ( ( ( ( ( ( ( ( 22 ) 32 ) 26 ) 28 ) 10 ) 7 ) 8 ) 20 ) 1 ) 6 ) 35 ) 30 ) 27 ) 3 ) 15 ) 5 ) 23 ) 33 ) 14 ) 34 ) 11 ) 19 ) 18 ) 9 ) 31 ) 13 ) 24 ) 2 ) 21 ) 29 ) 12 ) 25 ) 4 ) 16 ) 17 ) 36
 ( ( ( ( ( ( ( ( ( ( ( ( ( ( ( ( ( ( ( ( ( ( ( ( ( ( ( ( ( ( ( ( ( ( ( 22 ) 32 ) 26 ) 28 ) 10 ) 7 ) 8 ) 20 ) 1 ) 6 ) 35 ) 30 ) 27 ) 3 ) 15 ) 5 ) 23 ) 33 ) 25 ) 34 ) 11 ) 19 ) 18 ) 9 ) 31 ) 13 ) 24 ) 2 ) 21 ) 29 ) 12 ) 14 ) 4 ) 16 ) 17 ) 36
 ( ( ( ( ( ( ( ( ( ( ( ( ( ( ( ( ( ( ( ( ( ( ( ( ( ( ( ( ( ( ( ( ( ( ( 22 ) 32 ) 26 ) 28 ) 10 ) 7 ) 8 ) 20 ) 1 ) 6 ) 35 ) 30 ) 27 ) 3 ) 15 ) 5 ) 23 ) 33 ) 25 ) 34 ) 18 ) 19 ) 11 ) 9 ) 31 ) 13 ) 24 ) 2 ) 21 ) 29 ) 12 ) 14 ) 4 ) 16 ) 17 ) 36
 ( ( ( ( ( ( ( ( ( ( ( ( ( ( ( ( ( ( ( ( ( ( ( ( ( ( ( ( ( ( ( ( ( ( ( 22 ) 32 ) 26 ) 28 ) 10 ) 7 ) 8 ) 20 ) 1 ) 6 ) 35 ) 30 ) 27 ) 3 ) 15 ) 5 ) 23 ) 2 ) 25 ) 34 ) 18 ) 19 ) 11 ) 9 ) 31 ) 13 ) 24 ) 33 ) 21 ) 29 ) 12 ) 14 ) 4 ) 16 ) 17 ) 36
 ( ( ( ( ( ( ( ( ( ( ( ( ( ( ( ( ( ( ( ( ( ( ( ( ( ( ( ( ( ( ( ( ( ( ( 22 ) 32 ) 26 ) 28 ) 10 ) 7 ) 8 ) 20 ) 1 ) 6 ) 35 ) 30 ) 27 ) 3 ) 15 ) 5 ) 23 ) 2 ) 25 ) 34 ) 18 ) 19 ) 17 ) 9 ) 31 ) 13 ) 24 ) 33 ) 21 ) 29 ) 12 ) 14 ) 4 ) 16 ) 11 ) 36
 ( ( ( ( ( ( ( ( ( ( ( ( ( ( ( ( ( ( ( ( ( ( ( ( ( ( ( ( ( ( ( ( ( ( ( 22 ) 32 ) 26 ) 28 ) 10 ) 7 ) 8 ) 30 ) 1 ) 6 ) 35 ) 20 ) 27 ) 3 ) 15 ) 5 ) 23 ) 2 ) 25 ) 34 ) 18 ) 19 ) 17 ) 9 ) 31 ) 13 ) 24 ) 33 ) 21 ) 29 ) 12 ) 14 ) 4 ) 16 ) 11 ) 36
 ( ( ( ( ( ( ( ( ( ( ( ( ( ( ( ( ( ( ( ( ( ( ( ( ( ( ( ( ( ( ( ( ( ( ( 22 ) 29 ) 32 ) 21 ) 28 ) 3 ) 26 ) 6 ) 35 ) 23 ) 15 ) 5 ) 1 ) 20 ) 2 ) 24 ) 13 ) 17 ) 25 ) 10 ) 34 ) 8 ) 7 ) 30 ) 16 ) 11 ) 4 ) 18 ) 33 ) 27 ) 9 ) 31 ) 12 ) 14 ) 19 ) 36
 ( ( ( ( ( ( ( ( ( ( ( ( ( ( ( ( ( ( ( ( ( ( ( ( ( ( ( ( ( ( ( ( ( ( ( 22 ) 32 ) 26 ) 28 ) 10 ) 7 ) 8 ) 30 ) 1 ) 6 ) 35 ) 20 ) 27 ) 3 ) 15 ) 5 ) 23 ) 2 ) 31 ) 34 ) 18 ) 19 ) 17 ) 9 ) 25 ) 13 ) 24 ) 33 ) 21 ) 29 ) 12 ) 14 ) 4 ) 16 ) 11 ) 36
 ( ( ( ( ( ( ( ( ( ( ( ( ( ( ( ( ( ( ( ( ( ( ( ( ( ( ( ( ( ( ( ( ( ( ( 22 ) 32 ) 26 ) 28 ) 10 ) 7 ) 8 ) 30 ) 1 ) 6 ) 35 ) 20 ) 27 ) 3 ) 15 ) 5 ) 23 ) 2 ) 31 ) 34 ) 18 ) 19 ) 17 ) 9 ) 25 ) 13 ) 24 ) 33 ) 21 ) 29 ) 12 ) 14 ) 4 ) 11 ) 16 ) 36
 ( ( ( ( ( ( ( ( ( ( ( ( ( ( ( ( ( ( ( ( ( ( ( ( ( ( ( ( ( ( ( ( ( ( ( 22 ) 32 ) 26 ) 28 ) 10 ) 7 ) 8 ) 30 ) 1 ) 6 ) 35 ) 20 ) 27 ) 3 ) 15 ) 5 ) 23 ) 2 ) 31 ) 34 ) 19 ) 18 ) 17 ) 9 ) 25 ) 13 ) 24 ) 33 ) 21 ) 29 ) 12 ) 14 ) 4 ) 11 ) 16 ) 36
 ( ( ( ( ( ( ( ( ( ( ( ( ( ( ( ( ( ( ( ( ( ( ( ( ( ( ( ( ( ( ( ( ( ( ( 22 ) 32 ) 26 ) 28 ) 10 ) 7 ) 8 ) 30 ) 1 ) 6 ) 35 ) 20 ) 27 ) 3 ) 15 ) 5 ) 23 ) 2 ) 31 ) 34 ) 19 ) 18 ) 17 ) 9 ) 25 ) 21 ) 24 ) 33 ) 13 ) 29 ) 12 ) 14 ) 4 ) 11 ) 16 ) 36
 ( ( ( ( ( ( ( ( ( ( ( ( ( ( ( ( ( ( ( ( ( ( ( ( ( ( ( ( ( ( ( ( ( ( ( 22 ) 32 ) 26 ) 28 ) 10 ) 7 ) 8 ) 30 ) 1 ) 6 ) 35 ) 20 ) 27 ) 3 ) 15 ) 5 ) 23 ) 2 ) 31 ) 34 ) 19 ) 18 ) 17 ) 14 ) 25 ) 21 ) 24 ) 33 ) 13 ) 29 ) 12 ) 9 ) 4 ) 11 ) 16 ) 36
 ( ( ( ( ( ( ( ( ( ( ( ( ( ( ( ( ( ( ( ( ( ( ( ( ( ( ( ( ( ( ( ( ( ( ( 22 ) 32 ) 26 ) 28 ) 10 ) 7 ) 8 ) 20 ) 1 ) 6 ) 35 ) 30 ) 27 ) 3 ) 15 ) 5 ) 23 ) 2 ) 31 ) 34 ) 19 ) 18 ) 17 ) 14 ) 25 ) 21 ) 24 ) 33 ) 13 ) 29 ) 12 ) 9 ) 4 ) 11 ) 16 ) 36
 ( ( ( ( ( ( ( ( ( ( ( ( ( ( ( ( ( ( ( ( ( ( ( ( ( ( ( ( ( ( ( ( ( ( ( 22 ) 32 ) 26 ) 28 ) 10 ) 7 ) 8 ) 20 ) 1 ) 6 ) 35 ) 30 ) 27 ) 3 ) 15 ) 5 ) 23 ) 2 ) 31 ) 34 ) 19 ) 18 ) 17 ) 14 ) 25 ) 29 ) 24 ) 33 ) 13 ) 21 ) 12 ) 9 ) 4 ) 11 ) 16 ) 36
 ( ( ( ( ( ( ( ( ( ( ( ( ( ( ( ( ( ( ( ( ( ( ( ( ( ( ( ( ( ( ( ( ( ( ( 22 ) 32 ) 26 ) 28 ) 10 ) 7 ) 8 ) 20 ) 1 ) 6 ) 35 ) 30 ) 27 ) 3 ) 15 ) 5 ) 23 ) 2 ) 31 ) 34 ) 19 ) 18 ) 17 ) 14 ) 25 ) 29 ) 24 ) 33 ) 13 ) 21 ) 12 ) 4 ) 9 ) 11 ) 16 ) 36
 ( ( ( ( ( ( ( ( ( ( ( ( ( ( ( ( ( ( ( ( ( ( ( ( ( ( ( ( ( ( ( ( ( ( ( 22 ) 32 ) 26 ) 28 ) 10 ) 7 ) 8 ) 20 ) 1 ) 6 ) 35 ) 30 ) 27 ) 3 ) 15 ) 5 ) 23 ) 2 ) 31 ) 34 ) 12 ) 18 ) 17 ) 14 ) 25 ) 29 ) 24 ) 33 ) 13 ) 21 ) 19 ) 4 ) 9 ) 11 ) 16 ) 36
 ( ( ( ( ( ( ( ( ( ( ( ( ( ( ( ( ( ( ( ( ( ( ( ( ( ( ( ( ( ( ( ( ( ( ( 22 ) 32 ) 26 ) 28 ) 10 ) 7 ) 8 ) 20 ) 27 ) 6 ) 35 ) 30 ) 1 ) 3 ) 15 ) 5 ) 23 ) 2 ) 31 ) 34 ) 12 ) 18 ) 17 ) 14 ) 25 ) 29 ) 24 ) 33 ) 13 ) 21 ) 19 ) 4 ) 9 ) 11 ) 16 ) 36
 ( ( ( ( ( ( ( ( ( ( ( ( ( ( ( ( ( ( ( ( ( ( ( ( ( ( ( ( ( ( ( ( ( ( ( 22 ) 29 ) 32 ) 21 ) 28 ) 3 ) 26 ) 6 ) 35 ) 23 ) 15 ) 5 ) 1 ) 10 ) 2 ) 24 ) 13 ) 17 ) 25 ) 20 ) 34 ) 8 ) 7 ) 30 ) 16 ) 11 ) 4 ) 18 ) 33 ) 27 ) 9 ) 31 ) 12 ) 14 ) 19 ) 36
 ( ( ( ( ( ( ( ( ( ( ( ( ( ( ( ( ( ( ( ( ( ( ( ( ( ( ( ( ( ( ( ( ( ( ( 22 ) 32 ) 26 ) 28 ) 10 ) 7 ) 8 ) 20 ) 27 ) 30 ) 35 ) 6 ) 1 ) 3 ) 15 ) 5 ) 23 ) 2 ) 31 ) 34 ) 12 ) 18 ) 17 ) 14 ) 25 ) 29 ) 24 ) 33 ) 13 ) 21 ) 19 ) 4 ) 9 ) 11 ) 16 ) 36
 ( ( ( ( ( ( ( ( ( ( ( ( ( ( ( ( ( ( ( ( ( ( ( ( ( ( ( ( ( ( ( ( ( ( ( 22 ) 32 ) 26 ) 28 ) 10 ) 7 ) 8 ) 20 ) 27 ) 30 ) 35 ) 6 ) 1 ) 3 ) 15 ) 5 ) 23 ) 2 ) 31 ) 14 ) 12 ) 18 ) 17 ) 34 ) 25 ) 29 ) 24 ) 33 ) 13 ) 21 ) 19 ) 4 ) 9 ) 11 ) 16 ) 36
 ( ( ( ( ( ( ( ( ( ( ( ( ( ( ( ( ( ( ( ( ( ( ( ( ( ( ( ( ( ( ( ( ( ( ( 22 ) 32 ) 29 ) 28 ) 26 ) 7 ) 10 ) 21 ) 25 ) 15 ) 35 ) 3 ) 1 ) 6 ) 23 ) 5 ) 31 ) 34 ) 2 ) 24 ) 9 ) 8 ) 4 ) 12 ) 14 ) 13 ) 17 ) 19 ) 20 ) 11 ) 30 ) 18 ) 16 ) 33 ) 27 ) 36
 ( ( ( ( ( ( ( ( ( ( ( ( ( ( ( ( ( ( ( ( ( ( ( ( ( ( ( ( ( ( ( ( ( ( ( 22 ) 32 ) 29 ) 28 ) 26 ) 7 ) 10 ) 21 ) 25 ) 15 ) 35 ) 3 ) 1 ) 6 ) 23 ) 5 ) 31 ) 20 ) 2 ) 24 ) 9 ) 8 ) 4 ) 12 ) 14 ) 13 ) 17 ) 19 ) 34 ) 11 ) 30 ) 18 ) 16 ) 33 ) 27 ) 36
 ( ( ( ( ( ( ( ( ( ( ( ( ( ( ( ( ( ( ( ( ( ( ( ( ( ( ( ( ( ( ( ( ( ( ( 22 ) 32 ) 29 ) 28 ) 26 ) 7 ) 10 ) 21 ) 25 ) 15 ) 35 ) 3 ) 1 ) 6 ) 23 ) 5 ) 31 ) 20 ) 11 ) 24 ) 9 ) 8 ) 4 ) 12 ) 14 ) 13 ) 17 ) 19 ) 34 ) 2 ) 30 ) 18 ) 16 ) 33 ) 27 ) 36
 ( ( ( ( ( ( ( ( ( ( ( ( ( ( ( ( ( ( ( ( ( ( ( ( ( ( ( ( ( ( ( ( ( ( ( 22 ) 32 ) 29 ) 28 ) 26 ) 7 ) 10 ) 21 ) 25 ) 15 ) 35 ) 3 ) 1 ) 6 ) 23 ) 5 ) 31 ) 20 ) 11 ) 24 ) 9 ) 8 ) 4 ) 12 ) 14 ) 19 ) 17 ) 13 ) 34 ) 2 ) 30 ) 18 ) 16 ) 33 ) 27 ) 36
 ( ( ( ( ( ( ( ( ( ( ( ( ( ( ( ( ( ( ( ( ( ( ( ( ( ( ( ( ( ( ( ( ( ( ( 22 ) 32 ) 29 ) 28 ) 26 ) 7 ) 10 ) 21 ) 25 ) 15 ) 35 ) 3 ) 1 ) 6 ) 23 ) 5 ) 31 ) 14 ) 11 ) 24 ) 9 ) 8 ) 4 ) 12 ) 20 ) 19 ) 17 ) 13 ) 34 ) 2 ) 30 ) 18 ) 16 ) 33 ) 27 ) 36
 ( ( ( ( ( ( ( ( ( ( ( ( ( ( ( ( ( ( ( ( ( ( ( ( ( ( ( ( ( ( ( ( ( ( ( 22 ) 32 ) 29 ) 28 ) 26 ) 7 ) 10 ) 35 ) 25 ) 15 ) 21 ) 3 ) 1 ) 6 ) 23 ) 5 ) 31 ) 14 ) 11 ) 24 ) 9 ) 8 ) 4 ) 12 ) 20 ) 19 ) 17 ) 13 ) 34 ) 2 ) 30 ) 18 ) 16 ) 33 ) 27 ) 36
 ( ( ( ( ( ( ( ( ( ( ( ( ( ( ( ( ( ( ( ( ( ( ( ( ( ( ( ( ( ( ( ( ( ( ( 22 ) 32 ) 29 ) 28 ) 26 ) 7 ) 10 ) 35 ) 25 ) 15 ) 21 ) 3 ) 1 ) 6 ) 23 ) 5 ) 31 ) 14 ) 11 ) 24 ) 9 ) 8 ) 4 ) 12 ) 20 ) 19 ) 17 ) 13 ) 34 ) 33 ) 30 ) 18 ) 16 ) 2 ) 27 ) 36
 ( ( ( ( ( ( ( ( ( ( ( ( ( ( ( ( ( ( ( ( ( ( ( ( ( ( ( ( ( ( ( ( ( ( ( 22 ) 32 ) 29 ) 28 ) 26 ) 7 ) 10 ) 35 ) 25 ) 15 ) 21 ) 3 ) 1 ) 6 ) 23 ) 5 ) 31 ) 14 ) 11 ) 24 ) 9 ) 8 ) 4 ) 12 ) 20 ) 19 ) 17 ) 27 ) 34 ) 33 ) 30 ) 18 ) 16 ) 2 ) 13 ) 36
 ( ( ( ( ( ( ( ( ( ( ( ( ( ( ( ( ( ( ( ( ( ( ( ( ( ( ( ( ( ( ( ( ( ( ( 22 ) 29 ) 32 ) 21 ) 28 ) 3 ) 26 ) 6 ) 35 ) 23 ) 15 ) 5 ) 1 ) 10 ) 2 ) 24 ) 13 ) 17 ) 25 ) 20 ) 34 ) 8 ) 9 ) 30 ) 16 ) 11 ) 4 ) 18 ) 33 ) 27 ) 7 ) 31 ) 12 ) 14 ) 19 ) 36
 ( ( ( ( ( ( ( ( ( ( ( ( ( ( ( ( ( ( ( ( ( ( ( ( ( ( ( ( ( ( ( ( ( ( ( 22 ) 32 ) 29 ) 28 ) 26 ) 7 ) 10 ) 35 ) 25 ) 15 ) 21 ) 3 ) 1 ) 6 ) 23 ) 5 ) 31 ) 14 ) 11 ) 24 ) 9 ) 17 ) 4 ) 12 ) 20 ) 19 ) 8 ) 27 ) 34 ) 33 ) 30 ) 18 ) 16 ) 2 ) 13 ) 36
 ( ( ( ( ( ( ( ( ( ( ( ( ( ( ( ( ( ( ( ( ( ( ( ( ( ( ( ( ( ( ( ( ( ( ( 22 ) 32 ) 29 ) 28 ) 26 ) 7 ) 10 ) 35 ) 25 ) 15 ) 21 ) 3 ) 1 ) 6 ) 23 ) 5 ) 31 ) 14 ) 11 ) 24 ) 9 ) 17 ) 4 ) 19 ) 20 ) 12 ) 8 ) 27 ) 34 ) 33 ) 30 ) 18 ) 16 ) 2 ) 13 ) 36
 ( ( ( ( ( ( ( ( ( ( ( ( ( ( ( ( ( ( ( ( ( ( ( ( ( ( ( ( ( ( ( ( ( ( ( 22 ) 32 ) 29 ) 28 ) 26 ) 7 ) 10 ) 35 ) 25 ) 15 ) 30 ) 3 ) 1 ) 6 ) 23 ) 5 ) 31 ) 14 ) 11 ) 24 ) 9 ) 17 ) 4 ) 19 ) 20 ) 12 ) 8 ) 27 ) 34 ) 33 ) 21 ) 18 ) 16 ) 2 ) 13 ) 36
 ( ( ( ( ( ( ( ( ( ( ( ( ( ( ( ( ( ( ( ( ( ( ( ( ( ( ( ( ( ( ( ( ( ( ( 22 ) 32 ) 29 ) 28 ) 26 ) 7 ) 10 ) 35 ) 25 ) 3 ) 30 ) 15 ) 1 ) 6 ) 23 ) 5 ) 31 ) 14 ) 11 ) 24 ) 9 ) 17 ) 4 ) 19 ) 20 ) 12 ) 8 ) 27 ) 34 ) 33 ) 21 ) 18 ) 16 ) 2 ) 13 ) 36
 ( ( ( ( ( ( ( ( ( ( ( ( ( ( ( ( ( ( ( ( ( ( ( ( ( ( ( ( ( ( ( ( ( ( ( 22 ) 32 ) 29 ) 28 ) 26 ) 7 ) 10 ) 35 ) 25 ) 3 ) 30 ) 15 ) 1 ) 6 ) 23 ) 5 ) 31 ) 14 ) 11 ) 24 ) 9 ) 27 ) 4 ) 19 ) 20 ) 12 ) 8 ) 17 ) 34 ) 33 ) 21 ) 18 ) 16 ) 2 ) 13 ) 36
 ( ( ( ( ( ( ( ( ( ( ( ( ( ( ( ( ( ( ( ( ( ( ( ( ( ( ( ( ( ( ( ( ( ( ( 22 ) 32 ) 29 ) 28 ) 26 ) 7 ) 10 ) 35 ) 25 ) 3 ) 30 ) 15 ) 1 ) 6 ) 23 ) 5 ) 31 ) 14 ) 11 ) 24 ) 8 ) 27 ) 4 ) 19 ) 20 ) 12 ) 9 ) 17 ) 34 ) 33 ) 21 ) 18 ) 16 ) 2 ) 13 ) 36
 ( ( ( ( ( ( ( ( ( ( ( ( ( ( ( ( ( ( ( ( ( ( ( ( ( ( ( ( ( ( ( ( ( ( ( 22 ) 29 ) 32 ) 28 ) 26 ) 7 ) 15 ) 10 ) 35 ) 30 ) 23 ) 5 ) 1 ) 27 ) 17 ) 6 ) 11 ) 9 ) 18 ) 31 ) 2 ) 34 ) 13 ) 20 ) 25 ) 16 ) 21 ) 33 ) 12 ) 14 ) 24 ) 4 ) 3 ) 19 ) 8 ) 36
 ( ( ( ( ( ( ( ( ( ( ( ( ( ( ( ( ( ( ( ( ( ( ( ( ( ( ( ( ( ( ( ( ( ( ( 22 ) 29 ) 32 ) 28 ) 26 ) 7 ) 15 ) 10 ) 35 ) 30 ) 23 ) 5 ) 1 ) 27 ) 17 ) 6 ) 11 ) 9 ) 18 ) 31 ) 2 ) 34 ) 13 ) 20 ) 25 ) 16 ) 21 ) 33 ) 8 ) 14 ) 24 ) 4 ) 3 ) 19 ) 12 ) 36
 ( ( ( ( ( ( ( ( ( ( ( ( ( ( ( ( ( ( ( ( ( ( ( ( ( ( ( ( ( ( ( ( ( ( ( 22 ) 29 ) 32 ) 28 ) 26 ) 7 ) 15 ) 10 ) 35 ) 30 ) 23 ) 5 ) 1 ) 27 ) 17 ) 6 ) 11 ) 9 ) 18 ) 8 ) 2 ) 34 ) 13 ) 20 ) 25 ) 16 ) 21 ) 33 ) 31 ) 14 ) 24 ) 4 ) 3 ) 19 ) 12 ) 36
 ( ( ( ( ( ( ( ( ( ( ( ( ( ( ( ( ( ( ( ( ( ( ( ( ( ( ( ( ( ( ( ( ( ( ( 22 ) 29 ) 32 ) 28 ) 26 ) 7 ) 15 ) 10 ) 35 ) 30 ) 23 ) 5 ) 1 ) 27 ) 17 ) 6 ) 11 ) 9 ) 18 ) 8 ) 2 ) 34 ) 20 ) 13 ) 25 ) 16 ) 21 ) 33 ) 31 ) 14 ) 24 ) 4 ) 3 ) 19 ) 12 ) 36
 ( ( ( ( ( ( ( ( ( ( ( ( ( ( ( ( ( ( ( ( ( ( ( ( ( ( ( ( ( ( ( ( ( ( ( 22 ) 32 ) 26 ) 28 ) 35 ) 10 ) 7 ) 15 ) 21 ) 23 ) 27 ) 1 ) 3 ) 6 ) 5 ) 2 ) 34 ) 13 ) 33 ) 25 ) 30 ) 16 ) 20 ) 4 ) 8 ) 18 ) 24 ) 19 ) 29 ) 11 ) 17 ) 9 ) 12 ) 14 ) 31 ) 36
 ( ( ( ( ( ( ( ( ( ( ( ( ( ( ( ( ( ( ( ( ( ( ( ( ( ( ( ( ( ( ( ( ( ( ( 22 ) 29 ) 32 ) 28 ) 26 ) 7 ) 15 ) 10 ) 35 ) 30 ) 23 ) 5 ) 1 ) 27 ) 17 ) 6 ) 11 ) 9 ) 18 ) 8 ) 2 ) 34 ) 19 ) 13 ) 25 ) 16 ) 21 ) 33 ) 31 ) 14 ) 24 ) 4 ) 3 ) 20 ) 12 ) 36
 ( ( ( ( ( ( ( ( ( ( ( ( ( ( ( ( ( ( ( ( ( ( ( ( ( ( ( ( ( ( ( ( ( ( ( 22 ) 29 ) 32 ) 28 ) 26 ) 7 ) 15 ) 10 ) 35 ) 30 ) 23 ) 5 ) 1 ) 27 ) 17 ) 6 ) 11 ) 9 ) 18 ) 8 ) 2 ) 34 ) 19 ) 13 ) 25 ) 16 ) 21 ) 33 ) 31 ) 20 ) 24 ) 4 ) 3 ) 14 ) 12 ) 36
 ( ( ( ( ( ( ( ( ( ( ( ( ( ( ( ( ( ( ( ( ( ( ( ( ( ( ( ( ( ( ( ( ( ( ( 22 ) 29 ) 32 ) 28 ) 26 ) 7 ) 15 ) 10 ) 35 ) 30 ) 23 ) 5 ) 1 ) 27 ) 17 ) 6 ) 11 ) 9 ) 18 ) 8 ) 2 ) 34 ) 19 ) 13 ) 25 ) 16 ) 21 ) 33 ) 12 ) 20 ) 24 ) 4 ) 3 ) 14 ) 31 ) 36
 ( ( ( ( ( ( ( ( ( ( ( ( ( ( ( ( ( ( ( ( ( ( ( ( ( ( ( ( ( ( ( ( ( ( ( 22 ) 29 ) 32 ) 28 ) 26 ) 7 ) 15 ) 10 ) 35 ) 30 ) 23 ) 5 ) 1 ) 27 ) 17 ) 6 ) 11 ) 9 ) 18 ) 8 ) 2 ) 34 ) 19 ) 13 ) 31 ) 16 ) 21 ) 33 ) 12 ) 20 ) 24 ) 4 ) 3 ) 14 ) 25 ) 36
 ( ( ( ( ( ( ( ( ( ( ( ( ( ( ( ( ( ( ( ( ( ( ( ( ( ( ( ( ( ( ( ( ( ( ( 22 ) 29 ) 32 ) 28 ) 26 ) 7 ) 15 ) 10 ) 35 ) 30 ) 23 ) 5 ) 1 ) 27 ) 17 ) 6 ) 11 ) 4 ) 18 ) 8 ) 2 ) 34 ) 19 ) 13 ) 31 ) 16 ) 21 ) 33 ) 12 ) 20 ) 24 ) 9 ) 3 ) 14 ) 25 ) 36
 ( ( ( ( ( ( ( ( ( ( ( ( ( ( ( ( ( ( ( ( ( ( ( ( ( ( ( ( ( ( ( ( ( ( ( 22 ) 29 ) 32 ) 28 ) 26 ) 7 ) 15 ) 10 ) 35 ) 30 ) 23 ) 5 ) 1 ) 27 ) 17 ) 6 ) 11 ) 4 ) 18 ) 8 ) 2 ) 34 ) 19 ) 13 ) 31 ) 16 ) 21 ) 33 ) 12 ) 20 ) 24 ) 9 ) 3 ) 25 ) 14 ) 36
 ( ( ( ( ( ( ( ( ( ( ( ( ( ( ( ( ( ( ( ( ( ( ( ( ( ( ( ( ( ( ( ( ( ( ( 22 ) 29 ) 32 ) 28 ) 26 ) 7 ) 15 ) 10 ) 35 ) 30 ) 23 ) 5 ) 1 ) 27 ) 17 ) 6 ) 11 ) 4 ) 18 ) 31 ) 2 ) 34 ) 19 ) 13 ) 8 ) 16 ) 21 ) 33 ) 12 ) 20 ) 24 ) 9 ) 3 ) 25 ) 14 ) 36
 ( ( ( ( ( ( ( ( ( ( ( ( ( ( ( ( ( ( ( ( ( ( ( ( ( ( ( ( ( ( ( ( ( ( ( 22 ) 29 ) 32 ) 28 ) 26 ) 7 ) 15 ) 10 ) 35 ) 30 ) 23 ) 5 ) 1 ) 27 ) 17 ) 6 ) 11 ) 4 ) 18 ) 31 ) 2 ) 34 ) 19 ) 20 ) 8 ) 16 ) 21 ) 33 ) 12 ) 13 ) 24 ) 9 ) 3 ) 25 ) 14 ) 36
 ( ( ( ( ( ( ( ( ( ( ( ( ( ( ( ( ( ( ( ( ( ( ( ( ( ( ( ( ( ( ( ( ( ( ( 22 ) 29 ) 32 ) 28 ) 26 ) 7 ) 15 ) 10 ) 35 ) 30 ) 23 ) 5 ) 1 ) 27 ) 17 ) 6 ) 11 ) 4 ) 18 ) 31 ) 14 ) 34 ) 19 ) 20 ) 8 ) 16 ) 21 ) 33 ) 12 ) 13 ) 24 ) 9 ) 3 ) 25 ) 2 ) 36
 ( ( ( ( ( ( ( ( ( ( ( ( ( ( ( ( ( ( ( ( ( ( ( ( ( ( ( ( ( ( ( ( ( ( ( 22 ) 32 ) 28 ) 26 ) 10 ) 15 ) 7 ) 35 ) 1 ) 29 ) 23 ) 33 ) 6 ) 5 ) 3 ) 8 ) 20 ) 14 ) 21 ) 25 ) 16 ) 34 ) 27 ) 30 ) 12 ) 19 ) 13 ) 4 ) 2 ) 9 ) 24 ) 31 ) 17 ) 11 ) 18 ) 36
