 ( ( ( ( ( ( ( ( ( ( ( ( ( ( ( ( ( ( ( ( 22 29 ( 28 39 ) 34 ) 19 25 ( 24 ) 30 ( 35 36 ) 40 ) 17 ( ( ( ( ( 38 ) 31 ( 27 ) 32 ) 26 ( 33 ) 37 ) 20 ) 23 ) 21 ) 5 ) 16 ) 11 ) 9 ) 15 ) 14 ) 13 ) 3 ) 7 ) 18 ) 8 ) 6 ) 1 ) 10 ) 12 ) 2 ) 4 ) 41
 ( ( ( ( ( ( ( ( ( ( ( ( ( ( ( ( ( ( ( ( 22 29 ( 28 39 ) 34 ) 19 25 ( 24 ) 30 ( 35 36 ) 40 ) 17 ( ( ( ( ( 38 ) 31 ( 27 ) 32 ) 26 ( 33 ) 37 ) 20 ) 23 ) 21 ) 5 ) 16 ) 11 ) 9 ) 15 ) 14 ) 13 ) 3 ) 7 ) 18 ) 8 ) 6 ) 1 ) 2 ) 12 ) 10 ) 4 ) 41
 ( ( ( ( ( ( ( ( ( ( ( ( ( ( ( ( ( ( ( ( 22 ( ( 27 ) 33 34 ) 28 ) 19 25 ( 24 ) 30 ( 35 36 ) 40 ) 17 ( ( ( ( ( 32 ) 29 ( 38 ) 31 ) 26 ( 39 ) 37 ) 21 ) 20 ) 23 ) 5 ) 9 ) 11 ) 16 ) 15 ) 13 ) 14 ) 3 ) 7 ) 2 ) 1 ) 12 ) 4 ) 6 ) 10 ) 8 ) 18 ) 41
 ( ( ( ( ( ( ( ( ( ( ( ( ( ( ( ( ( ( ( ( 22 ( ( 27 ) 33 34 ) 28 ) 19 25 ( 24 ) 30 ( 35 36 ) 40 ) 17 ( ( ( ( ( 32 ) 29 ( 38 ) 31 ) 26 ( 39 ) 37 ) 21 ) 20 ) 23 ) 5 ) 9 ) 11 ) 16 ) 15 ) 13 ) 14 ) 3 ) 7 ) 2 ) 1 ) 12 ) 10 ) 6 ) 4 ) 8 ) 18 ) 41
 ( ( ( ( ( ( ( ( ( ( ( ( ( ( ( ( ( ( ( ( 22 ( ( 27 ) 33 34 ) 28 ) 19 25 ( 24 ) 30 ( 35 36 ) 40 ) 17 ( ( ( ( ( 32 ) 29 ( 38 ) 31 ) 26 ( 39 ) 37 ) 21 ) 20 ) 23 ) 5 ) 9 ) 11 ) 16 ) 15 ) 13 ) 14 ) 3 ) 7 ) 12 ) 1 ) 2 ) 10 ) 6 ) 4 ) 8 ) 18 ) 41
 ( ( ( ( ( ( ( ( ( ( ( ( ( ( ( ( ( ( ( ( 22 ( ( 27 ) 33 34 ) 28 ) 19 25 ( 24 ) 30 ( 35 36 ) 40 ) 17 ( ( ( ( ( 32 ) 29 ( 38 ) 31 ) 26 ( 39 ) 37 ) 21 ) 20 ) 23 ) 5 ) 9 ) 11 ) 16 ) 15 ) 13 ) 14 ) 3 ) 7 ) 12 ) 10 ) 2 ) 1 ) 6 ) 4 ) 8 ) 18 ) 41
 ( ( ( ( ( ( ( ( ( ( ( ( ( ( ( ( ( ( ( ( 22 ( ( 27 ) 33 34 ) 28 ) 19 25 ( 24 ) 30 ( 35 36 ) 40 ) 17 ( ( ( ( ( 32 ) 29 ( 38 ) 31 ) 26 ( 39 ) 37 ) 21 ) 20 ) 23 ) 5 ) 9 ) 11 ) 16 ) 15 ) 13 ) 14 ) 3 ) 7 ) 12 ) 8 ) 2 ) 1 ) 6 ) 4 ) 10 ) 18 ) 41
 ( ( ( ( ( ( ( ( ( ( ( ( ( ( ( ( ( ( ( ( 22 ( ( 27 ) 33 34 ) 28 ) 19 25 ( 24 ) 30 ( 35 36 ) 40 ) 17 ( ( ( ( ( 32 ) 29 ( 38 ) 31 ) 26 ( 39 ) 37 ) 21 ) 20 ) 23 ) 5 ) 9 ) 11 ) 16 ) 15 ) 13 ) 14 ) 3 ) 7 ) 12 ) 8 ) 6 ) 1 ) 2 ) 4 ) 10 ) 18 ) 41
 ( ( ( ( ( ( ( ( ( ( ( ( ( ( ( ( ( ( ( ( 22 ( ( 27 ) 33 34 ) 28 ) 19 25 ( 24 ) 30 ( 35 36 ) 40 ) 17 ( ( ( ( ( 38 ) 31 ( 29 ) 32 ) 26 ( 39 ) 37 ) 21 ) 20 ) 23 ) 5 ) 9 ) 11 ) 16 ) 15 ) 13 ) 14 ) 3 ) 7 ) 12 ) 8 ) 6 ) 1 ) 2 ) 4 ) 10 ) 18 ) 41
 ( ( ( ( ( ( ( ( ( ( ( ( ( ( ( ( ( ( ( ( 22 ( ( 27 ) 33 34 ) 28 ) 19 25 ( 24 ) 30 ( 35 36 ) 40 ) 17 ( ( ( ( ( 38 ) 31 ( 29 ) 32 ) 26 ( 39 ) 37 ) 21 ) 20 ) 23 ) 5 ) 9 ) 11 ) 16 ) 15 ) 13 ) 14 ) 3 ) 7 ) 12 ) 8 ) 1 ) 6 ) 2 ) 4 ) 10 ) 18 ) 41
 ( ( ( ( ( ( ( ( ( ( ( ( ( ( ( ( ( ( ( ( 22 ( ( 27 ) 33 34 ) 28 ) 19 25 ( 24 ) 30 ( 35 36 ) 40 ) 17 ( ( ( ( ( 38 ) 31 ( 29 ) 32 ) 26 ( 39 ) 37 ) 21 ) 20 ) 23 ) 5 ) 9 ) 11 ) 16 ) 15 ) 13 ) 14 ) 3 ) 7 ) 12 ) 1 ) 8 ) 6 ) 2 ) 4 ) 10 ) 18 ) 41
 ( ( ( ( ( ( ( ( ( ( ( ( ( ( ( ( ( ( ( ( 22 29 ( ( ( 27 ) 33 ) 28 39 ) 34 ) 19 25 ( 24 ) 30 ( ( 35 ) 40 ) 36 ) 17 ( ( ( ( 32 37 ) 23 ( 31 ) 38 ) 26 ) 21 ) 20 ) 5 ) 11 ) 9 ) 16 ) 15 ) 13 ) 14 ) 7 ) 3 ) 10 ) 6 ) 18 ) 1 ) 2 ) 12 ) 8 ) 4 ) 41
 ( ( ( ( ( ( ( ( ( ( ( ( ( ( ( ( ( ( ( ( 22 29 ( 28 39 ) 34 ) 19 25 ( 24 ) 30 ( 35 36 ) 40 ) 17 ( ( ( ( ( 38 ) 31 ( 27 ) 32 ) 26 ( 33 ) 37 ) 20 ) 21 ) 23 ) 5 ) 16 ) 11 ) 9 ) 15 ) 14 ) 13 ) 3 ) 7 ) 18 ) 8 ) 6 ) 1 ) 2 ) 12 ) 10 ) 4 ) 41
 ( ( ( ( ( ( ( ( ( ( ( ( ( ( ( ( ( ( ( ( 22 ( ( 27 ) 33 34 ) 28 ) 19 25 ( 24 ) 30 ( 35 36 ) 40 ) 17 ( ( ( ( ( 32 ) 29 ( 38 ) 31 ) 26 ( 39 ) 37 ) 21 ) 20 ) 23 ) 5 ) 16 ) 11 ) 9 ) 15 ) 13 ) 14 ) 3 ) 7 ) 12 ) 18 ) 1 ) 4 ) 6 ) 2 ) 8 ) 10 ) 41
 ( ( ( ( ( ( ( ( ( ( ( ( ( ( ( ( ( ( ( ( 22 ( ( 27 ) 33 34 ) 28 ) 19 25 ( 24 ) 30 ( 35 36 ) 40 ) 17 ( ( ( ( ( 32 ) 29 ( 38 ) 31 ) 26 ( 39 ) 37 ) 21 ) 20 ) 23 ) 5 ) 16 ) 11 ) 9 ) 15 ) 13 ) 14 ) 3 ) 7 ) 12 ) 18 ) 1 ) 10 ) 6 ) 2 ) 8 ) 4 ) 41
 ( ( ( ( ( ( ( ( ( ( ( ( ( ( ( ( ( ( ( ( 22 ( ( 27 ) 33 34 ) 28 ) 19 25 ( 24 ) 30 ( 35 36 ) 40 ) 17 ( ( ( ( ( 32 ) 29 ( 38 ) 31 ) 26 ( 39 ) 37 ) 21 ) 20 ) 23 ) 5 ) 16 ) 11 ) 9 ) 15 ) 13 ) 14 ) 3 ) 7 ) 12 ) 4 ) 1 ) 10 ) 6 ) 2 ) 8 ) 18 ) 41
 ( ( ( ( ( ( ( ( ( ( ( ( ( ( ( ( ( ( ( ( 22 ( ( 27 ) 33 34 ) 28 ) 19 25 ( 24 ) 30 ( 35 36 ) 40 ) 17 ( ( ( ( ( 32 ) 29 ( 38 ) 31 ) 26 ( 39 ) 37 ) 21 ) 20 ) 23 ) 5 ) 16 ) 11 ) 9 ) 15 ) 13 ) 14 ) 3 ) 7 ) 12 ) 4 ) 2 ) 10 ) 6 ) 1 ) 8 ) 18 ) 41
 ( ( ( ( ( ( ( ( ( ( ( ( ( ( ( ( ( ( ( ( 22 ( ( 27 ) 33 34 ) 28 ) 19 25 ( 24 ) 30 ( 35 36 ) 40 ) 17 ( ( ( ( ( 32 ) 29 ( 38 ) 31 ) 26 ( 39 ) 37 ) 21 ) 20 ) 23 ) 5 ) 16 ) 11 ) 9 ) 15 ) 13 ) 14 ) 3 ) 7 ) 2 ) 4 ) 12 ) 10 ) 6 ) 1 ) 8 ) 18 ) 41
 ( ( ( ( ( ( ( ( ( ( ( ( ( ( ( ( ( ( ( ( 22 ( ( 27 ) 33 34 ) 28 ) 19 25 ( 24 ) 30 ( 35 36 ) 40 ) 17 ( ( ( ( ( 32 ) 29 ( 38 ) 31 ) 26 ( 39 ) 37 ) 21 ) 20 ) 23 ) 5 ) 16 ) 11 ) 9 ) 15 ) 13 ) 14 ) 3 ) 7 ) 2 ) 4 ) 12 ) 1 ) 6 ) 10 ) 8 ) 18 ) 41
 ( ( ( ( ( ( ( ( ( ( ( ( ( ( ( ( ( ( ( ( 22 ( ( 27 ) 33 34 ) 28 ) 19 25 ( 24 ) 30 ( 35 36 ) 40 ) 17 ( ( ( ( ( 32 ) 29 ( 38 ) 31 ) 26 ( 39 ) 37 ) 21 ) 20 ) 23 ) 5 ) 16 ) 11 ) 9 ) 15 ) 13 ) 14 ) 3 ) 7 ) 2 ) 1 ) 12 ) 4 ) 6 ) 10 ) 8 ) 18 ) 41
